local_government_code,postal_code_5digit,postal_code_7digit,prefecture_kana,address1_kana,address2_kana,prefecture_kanji,address1_kanji,address2_kanji,is_address2_has_multiple_postal_code,is_address2_has_multiple_sublocality,is_address2_includes_chome,is_postal_code_has_multiple_address2,updated_type,updated_reason_type
26201,620  ,6200000,ｷｮｳﾄﾌ,ﾌｸﾁﾔﾏｼ,ｲｶﾆｹｲｻｲｶﾞﾅｲﾊﾞｱｲ,京都府,福知山市,以下に掲載がない場合,0,0,0,0,0,0
26201,620  ,6200001,ｷｮｳﾄﾌ,ﾌｸﾁﾔﾏｼ,ﾔﾏﾉｸﾁ,京都府,福知山市,山野口,0,0,0,0,0,0
26201,620  ,6200002,ｷｮｳﾄﾌ,ﾌｸﾁﾔﾏｼ,ﾎｵｼﾞ,京都府,福知山市,報恩寺,0,0,0,0,0,0
26201,620  ,6200003,ｷｮｳﾄﾌ,ﾌｸﾁﾔﾏｼ,ｷｻｲﾁ,京都府,福知山市,私市,0,0,0,0,0,0
26201,620  ,6200004,ｷｮｳﾄﾌ,ﾌｸﾁﾔﾏｼ,ｶﾜｷﾞﾀ,京都府,福知山市,川北,0,0,0,0,0,0
26201,620  ,6200005,ｷｮｳﾄﾌ,ﾌｸﾁﾔﾏｼ,ｲﾝﾅｲ,京都府,福知山市,印内,0,0,0,0,0,0
26201,620  ,6200011,ｷｮｳﾄﾌ,ﾌｸﾁﾔﾏｼ,ﾊｽﾞﾏｷ,京都府,福知山市,筈巻,0,0,0,0,0,0
26201,620  ,6200012,ｷｮｳﾄﾌ,ﾌｸﾁﾔﾏｼ,ﾔｽｲ,京都府,福知山市,安井,0,0,0,0,0,0
26201,620  ,6200013,ｷｮｳﾄﾌ,ﾌｸﾁﾔﾏｼ,ｲｹﾍﾞ,京都府,福知山市,池部,0,0,0,0,0,0
26201,620  ,6200014,ｷｮｳﾄﾌ,ﾌｸﾁﾔﾏｼ,ﾅｶ,京都府,福知山市,中,0,0,0,0,0,0
26201,620  ,6200015,ｷｮｳﾄﾌ,ﾌｸﾁﾔﾏｼ,ｼﾓｲｻﾞｷ,京都府,福知山市,下猪崎,0,0,0,0,0,0
26201,620  ,6200016,ｷｮｳﾄﾌ,ﾌｸﾁﾔﾏｼ,ｼﾛﾔﾏ,京都府,福知山市,城山,0,0,0,0,0,0
26201,620  ,6200017,ｷｮｳﾄﾌ,ﾌｸﾁﾔﾏｼ,ｲｻﾞｷ,京都府,福知山市,猪崎,0,0,0,0,0,0
26201,620  ,6200021,ｷｮｳﾄﾌ,ﾌｸﾁﾔﾏｼ,ﾃﾗ,京都府,福知山市,寺,0,0,0,0,0,0
26201,620  ,6200022,ｷｮｳﾄﾌ,ﾌｸﾁﾔﾏｼ,ｼﾓﾔﾅｷﾞ,京都府,福知山市,下柳,0,0,0,0,0,0
26201,620  ,6200023,ｷｮｳﾄﾌ,ﾌｸﾁﾔﾏｼ,ﾋｼﾔ,京都府,福知山市,菱屋,0,0,0,0,0,0
26201,620  ,6200024,ｷｮｳﾄﾌ,ﾌｸﾁﾔﾏｼ,ﾋｶﾞｼﾅｶﾞﾏﾁ,京都府,福知山市,東長町,0,0,0,0,0,0
26201,620  ,6200025,ｷｮｳﾄﾌ,ﾌｸﾁﾔﾏｼ,ﾆｼﾅｶﾞﾏﾁ,京都府,福知山市,西長町,0,0,0,0,0,0
26201,620  ,6200026,ｷｮｳﾄﾌ,ﾌｸﾁﾔﾏｼ,ｺﾞﾌｸ,京都府,福知山市,呉服,0,0,0,0,0,0
26201,620  ,6200027,ｷｮｳﾄﾌ,ﾌｸﾁﾔﾏｼ,ｷｮｳ,京都府,福知山市,京,0,0,0,0,0,0
26201,620  ,6200028,ｷｮｳﾄﾌ,ﾌｸﾁﾔﾏｼ,ｶﾐｼﾝ,京都府,福知山市,上新,0,0,0,0,0,0
26201,620  ,6200029,ｷｮｳﾄﾌ,ﾌｸﾁﾔﾏｼ,ｼﾓｼﾝ,京都府,福知山市,下新,0,0,0,0,0,0
26201,620  ,6200031,ｷｮｳﾄﾌ,ﾌｸﾁﾔﾏｼ,ｲﾓｼﾞ,京都府,福知山市,鋳物師,0,0,0,0,0,0
26201,620  ,6200032,ｷｮｳﾄﾌ,ﾌｸﾁﾔﾏｼ,ｼﾓｺﾔ,京都府,福知山市,下紺屋,0,0,0,0,0,0
26201,620  ,6200033,ｷｮｳﾄﾌ,ﾌｸﾁﾔﾏｼ,ｶﾐｺﾔ,京都府,福知山市,上紺屋,0,0,0,0,0,0
26201,620  ,6200034,ｷｮｳﾄﾌ,ﾌｸﾁﾔﾏｼ,ｶｼﾞ,京都府,福知山市,鍛冶,0,0,0,0,0,0
26201,620  ,6200035,ｷｮｳﾄﾌ,ﾌｸﾁﾔﾏｼ,ﾅｲｷ,京都府,福知山市,内記,0,0,0,0,0,0
26201,620  ,6200036,ｷｮｳﾄﾌ,ﾌｸﾁﾔﾏｼ,ﾅｶﾉﾏﾁ,京都府,福知山市,中ノ町,0,0,0,0,0,0
26201,620  ,6200037,ｷｮｳﾄﾌ,ﾌｸﾁﾔﾏｼ,ﾋｶﾞｼﾅｶﾉﾏﾁ,京都府,福知山市,東中ノ町,0,0,0,0,0,0
26201,620  ,6200038,ｷｮｳﾄﾌ,ﾌｸﾁﾔﾏｼ,ﾆｼﾅｶﾉﾏﾁ,京都府,福知山市,西中ノ町,0,0,0,0,0,0
26201,620  ,6200039,ｷｮｳﾄﾌ,ﾌｸﾁﾔﾏｼ,ﾆｼﾏﾁ,京都府,福知山市,西町,0,0,0,0,0,0
26201,620  ,6200041,ｷｮｳﾄﾌ,ﾌｸﾁﾔﾏｼ,ｷﾀﾎﾝﾏﾁｲｯｸ,京都府,福知山市,北本町一区,0,0,0,0,0,0
26201,620  ,6200042,ｷｮｳﾄﾌ,ﾌｸﾁﾔﾏｼ,ｷﾀﾎﾝﾏﾁﾆｸ,京都府,福知山市,北本町二区,0,0,0,0,0,0
26201,620  ,6200043,ｷｮｳﾄﾌ,ﾌｸﾁﾔﾏｼ,ｷﾀｻｶｴﾏﾁ,京都府,福知山市,北栄町,0,0,0,0,0,0
26201,620  ,6200044,ｷｮｳﾄﾌ,ﾌｸﾁﾔﾏｼ,ﾐﾅﾐｻｶｴﾏﾁ,京都府,福知山市,南栄町,0,0,0,0,0,0
26201,620  ,6200045,ｷｮｳﾄﾌ,ﾌｸﾁﾔﾏｼ,ｴｷﾏｴﾁｮｳ,京都府,福知山市,駅前町,0,0,0,0,0,0
26201,620  ,6200046,ｷｮｳﾄﾌ,ﾌｸﾁﾔﾏｼ,ﾐﾅﾐﾎﾝﾏﾁ,京都府,福知山市,南本町,0,0,0,0,0,0
26201,620  ,6200047,ｷｮｳﾄﾌ,ﾌｸﾁﾔﾏｼ,ﾋｶﾞｼﾎﾝﾏﾁ,京都府,福知山市,東本町,0,0,0,0,0,0
26201,620  ,6200051,ｷｮｳﾄﾌ,ﾌｸﾁﾔﾏｼ,ｼｮｳﾜｼﾝﾏﾁ,京都府,福知山市,昭和新町,0,0,0,0,0,0
26201,620  ,6200052,ｷｮｳﾄﾌ,ﾌｸﾁﾔﾏｼ,ｼｮｳﾜﾁｮｳ,京都府,福知山市,昭和町,0,0,0,0,0,0
26201,620  ,6200053,ｷｮｳﾄﾌ,ﾌｸﾁﾔﾏｼ,ﾆｼﾎﾝﾏﾁ,京都府,福知山市,西本町,0,0,0,0,0,0
26201,620  ,6200054,ｷｮｳﾄﾌ,ﾌｸﾁﾔﾏｼ,ｽｴﾋﾛﾁｮｳ,京都府,福知山市,末広町,0,0,1,0,0,0
26201,620  ,6200055,ｷｮｳﾄﾌ,ﾌｸﾁﾔﾏｼ,ｻｿｵ(ｻｿｵｼﾝﾏﾁ),京都府,福知山市,篠尾（篠尾新町）,0,0,0,1,0,0
26201,620  ,6200055,ｷｮｳﾄﾌ,ﾌｸﾁﾔﾏｼ,ｻｿｵｼﾝﾏﾁ,京都府,福知山市,篠尾新町,0,0,1,1,0,0
26201,620  ,6200056,ｷｮｳﾄﾌ,ﾌｸﾁﾔﾏｼ,ｱﾂﾅｶﾏﾁ,京都府,福知山市,厚中町,0,0,0,0,0,0
26201,620  ,6200057,ｷｮｳﾄﾌ,ﾌｸﾁﾔﾏｼ,ﾄﾝﾔﾏﾁ,京都府,福知山市,問屋町,0,0,0,0,0,0
26201,620  ,6200058,ｷｮｳﾄﾌ,ﾌｸﾁﾔﾏｼ,ｱﾂ,京都府,福知山市,厚,0,0,0,0,0,0
26201,620  ,6200059,ｷｮｳﾄﾌ,ﾌｸﾁﾔﾏｼ,ｱﾂﾋｶﾞｼﾏﾁ,京都府,福知山市,厚東町,0,0,0,0,0,0
26201,620  ,6200061,ｷｮｳﾄﾌ,ﾌｸﾁﾔﾏｼ,ｱﾗｶﾞﾋｶﾞｼﾏﾁ,京都府,福知山市,荒河東町,0,0,0,0,0,0
26201,620  ,6200062,ｷｮｳﾄﾌ,ﾌｸﾁﾔﾏｼ,ﾜｸｲﾁﾁｮｳ,京都府,福知山市,和久市町,0,0,0,0,0,0
26201,620  ,6200063,ｷｮｳﾄﾌ,ﾌｸﾁﾔﾏｼ,ｱﾗｶﾞｼﾝﾏﾁ,京都府,福知山市,荒河新町,0,0,0,0,0,0
26201,620  ,6200064,ｷｮｳﾄﾌ,ﾌｸﾁﾔﾏｼ,ｲﾜｲﾋｶﾞｼﾏﾁ,京都府,福知山市,岩井東町,0,0,0,0,0,0
26201,620  ,6200065,ｷｮｳﾄﾌ,ﾌｸﾁﾔﾏｼ,ｶﾐｱﾗｶﾞ,京都府,福知山市,上荒河,0,0,0,0,0,0
26201,620  ,6200066,ｷｮｳﾄﾌ,ﾌｸﾁﾔﾏｼ,ｼﾓｱﾗｶﾞ,京都府,福知山市,下荒河,0,0,0,0,0,0
26201,620  ,6200067,ｷｮｳﾄﾌ,ﾌｸﾁﾔﾏｼ,ｱﾗｶﾞﾋﾙｽﾞ,京都府,福知山市,荒河ヒルズ,0,0,0,0,0,0
26201,620  ,6200071,ｷｮｳﾄﾌ,ﾌｸﾁﾔﾏｼ,ｲﾁｵ,京都府,福知山市,一尾,0,0,0,0,0,0
26201,620  ,6200072,ｷｮｳﾄﾌ,ﾌｸﾁﾔﾏｼ,ｼﾓｱﾏﾂﾞ,京都府,福知山市,下天津,0,0,0,0,0,0
26201,620  ,6200073,ｷｮｳﾄﾌ,ﾌｸﾁﾔﾏｼ,ﾁｮｸｼ,京都府,福知山市,勅使,0,0,0,0,0,0
26201,620  ,6200074,ｷｮｳﾄﾌ,ﾌｸﾁﾔﾏｼ,ｲｼﾓﾄ,京都府,福知山市,石本,0,0,0,0,0,0
26201,620  ,6200075,ｷｮｳﾄﾌ,ﾌｸﾁﾔﾏｼ,ﾊｴ,京都府,福知山市,波江,0,0,0,0,0,0
26201,620  ,6200076,ｷｮｳﾄﾌ,ﾌｸﾁﾔﾏｼ,ｳﾙｼｶﾞﾊﾅ,京都府,福知山市,漆端,0,0,0,0,0,0
26201,620  ,6200077,ｷｮｳﾄﾌ,ﾌｸﾁﾔﾏｼ,ｵｵﾛ,京都府,福知山市,大呂,0,0,0,0,0,0
26201,620  ,6200078,ｷｮｳﾄﾌ,ﾌｸﾁﾔﾏｼ,ｺﾌﾞﾉｷ,京都府,福知山市,瘤木,0,0,0,0,0,0
26201,62002,6200201,ｷｮｳﾄﾌ,ﾌｸﾁﾔﾏｼ,ｱﾏｻﾞ,京都府,福知山市,天座,0,1,0,0,0,0
26201,62002,6200211,ｷｮｳﾄﾌ,ﾌｸﾁﾔﾏｼ,ｼﾓﾉｳｼﾞｮｳ,京都府,福知山市,下野条,0,1,0,0,0,0
26201,62002,6200212,ｷｮｳﾄﾌ,ﾌｸﾁﾔﾏｼ,ｲﾂﾓﾘ,京都府,福知山市,行積,0,0,0,0,0,0
26201,62002,6200213,ｷｮｳﾄﾌ,ﾌｸﾁﾔﾏｼ,ﾅｶﾞｵ,京都府,福知山市,長尾,0,0,0,0,0,0
26201,62002,6200214,ｷｮｳﾄﾌ,ﾌｸﾁﾔﾏｼ,ｶﾐﾉｳｼﾞｮｳ,京都府,福知山市,上野条,0,0,0,0,0,0
26201,62002,6200221,ｷｮｳﾄﾌ,ﾌｸﾁﾔﾏｼ,ｸﾓﾊﾗ,京都府,福知山市,雲原,0,0,0,0,0,0
26201,62003,6200301,ｷｮｳﾄﾌ,ﾌｸﾁﾔﾏｼ,ｵｵｴﾁｮｳｺｳﾓﾘ,京都府,福知山市,大江町河守,0,0,0,0,0,0
26201,62003,6200302,ｷｮｳﾄﾌ,ﾌｸﾁﾔﾏｼ,ｵｵｴﾁｮｳｾｷ,京都府,福知山市,大江町関,0,0,0,0,0,0
26201,62003,6200303,ｷｮｳﾄﾌ,ﾌｸﾁﾔﾏｼ,ｵｵｴﾁｮｳｶﾅﾔ,京都府,福知山市,大江町金屋,0,0,0,0,0,0
26201,62003,6200304,ｷｮｳﾄﾌ,ﾌｸﾁﾔﾏｼ,ｵｵｴﾁｮｳｳｴﾉ,京都府,福知山市,大江町上野,0,0,0,0,0,0
26201,62003,6200305,ｷｮｳﾄﾌ,ﾌｸﾁﾔﾏｼ,ｵｵｴﾁｮｳﾊﾋﾞ,京都府,福知山市,大江町波美,0,0,0,0,0,0
26201,62003,6200311,ｷｮｳﾄﾌ,ﾌｸﾁﾔﾏｼ,ｵｵｴﾁｮｳﾀﾃﾞﾜﾗ,京都府,福知山市,大江町蓼原,0,0,0,0,0,0
26201,62003,6200312,ｷｮｳﾄﾌ,ﾌｸﾁﾔﾏｼ,ｵｵｴﾁｮｳｸﾞｼﾞｮｳ,京都府,福知山市,大江町公庄,0,0,0,0,0,0
26201,62003,6200313,ｷｮｳﾄﾌ,ﾌｸﾁﾔﾏｼ,ｵｵｴﾁｮｳﾋﾄｳ,京都府,福知山市,大江町日藤,0,0,0,0,0,0
26201,62003,6200314,ｷｮｳﾄﾌ,ﾌｸﾁﾔﾏｼ,ｵｵｴﾁｮｳｵﾜﾗﾀ,京都府,福知山市,大江町小原田,0,0,0,0,0,0
26201,62003,6200321,ｷｮｳﾄﾌ,ﾌｸﾁﾔﾏｼ,ｵｵｴﾁｮｳﾌﾞﾂｼｮｳｼﾞ,京都府,福知山市,大江町仏性寺,0,0,0,0,0,0
26201,62003,6200322,ｷｮｳﾄﾌ,ﾌｸﾁﾔﾏｼ,ｵｵｴﾁｮｳｹﾜﾗ,京都府,福知山市,大江町毛原,0,0,0,0,0,0
26201,62003,6200323,ｷｮｳﾄﾌ,ﾌｸﾁﾔﾏｼ,ｵｵｴﾁｮｳﾅｲｸ,京都府,福知山市,大江町内宮,0,0,0,0,0,0
26201,62003,6200324,ｷｮｳﾄﾌ,ﾌｸﾁﾔﾏｼ,ｵｵｴﾁｮｳﾌﾀﾏﾀ,京都府,福知山市,大江町二俣,0,0,0,0,0,0
26201,62003,6200325,ｷｮｳﾄﾌ,ﾌｸﾁﾔﾏｼ,ｵｵｴﾁｮｳｱﾏﾀﾞｳﾁ,京都府,福知山市,大江町天田内,0,0,0,0,0,0
26201,62003,6200326,ｷｮｳﾄﾌ,ﾌｸﾁﾔﾏｼ,ｵｵｴﾁｮｳﾊｼﾀﾞﾆ,京都府,福知山市,大江町橋谷,0,0,0,0,0,0
26201,62003,6200327,ｷｮｳﾄﾌ,ﾌｸﾁﾔﾏｼ,ｵｵｴﾁｮｳｷﾀﾊﾞﾗ,京都府,福知山市,大江町北原,0,0,0,0,0,0
26201,62003,6200331,ｷｮｳﾄﾌ,ﾌｸﾁﾔﾏｼ,ｵｵｴﾁｮｳｿｳｺﾞ,京都府,福知山市,大江町三河,0,0,0,0,0,0
26201,62003,6200332,ｷｮｳﾄﾌ,ﾌｸﾁﾔﾏｼ,ｵｵｴﾁｮｳﾀｶﾂｴ,京都府,福知山市,大江町高津江,0,0,0,0,0,0
26201,62003,6200333,ｷｮｳﾄﾌ,ﾌｸﾁﾔﾏｼ,ｵｵｴﾁｮｳﾆｶ,京都府,福知山市,大江町二箇,0,0,0,0,0,0
26201,62003,6200334,ｷｮｳﾄﾌ,ﾌｸﾁﾔﾏｼ,ｵｵｴﾁｮｳｲﾁﾜﾗﾀﾞﾆ,京都府,福知山市,大江町市原谷,0,0,0,0,0,0
26201,62003,6200341,ｷｮｳﾄﾌ,ﾌｸﾁﾔﾏｼ,ｵｵｴﾁｮｳｷﾀｱﾘｼﾞ,京都府,福知山市,大江町北有路,0,0,0,0,0,0
26201,62003,6200342,ｷｮｳﾄﾌ,ﾌｸﾁﾔﾏｼ,ｵｵｴﾁｮｳﾐﾅﾐｱﾘｼﾞ,京都府,福知山市,大江町南有路,0,0,0,0,0,0
26201,62003,6200351,ｷｮｳﾄﾌ,ﾌｸﾁﾔﾏｼ,ｵｵｴﾁｮｳｾﾝﾊﾞﾗ,京都府,福知山市,大江町千原,0,0,0,0,0,0
26201,62003,6200352,ｷｮｳﾄﾌ,ﾌｸﾁﾔﾏｼ,ｵｵｴﾁｮｳﾐﾅﾐﾔﾏ,京都府,福知山市,大江町南山,0,0,0,0,0,0
26201,62003,6200353,ｷｮｳﾄﾌ,ﾌｸﾁﾔﾏｼ,ｵｵｴﾁｮｳﾅﾂﾏ,京都府,福知山市,大江町夏間,0,0,0,0,0,0
26201,62003,6200354,ｷｮｳﾄﾌ,ﾌｸﾁﾔﾏｼ,ｵｵｴﾁｮｳｱﾘﾀ,京都府,福知山市,大江町在田,0,0,0,0,0,0
26201,62003,6200355,ｷｮｳﾄﾌ,ﾌｸﾁﾔﾏｼ,ｵｵｴﾁｮｳﾂﾈﾂﾞ,京都府,福知山市,大江町常津,0,0,0,0,0,0
26201,62003,6200356,ｷｮｳﾄﾌ,ﾌｸﾁﾔﾏｼ,ｵｵｴﾁｮｳﾋﾞﾄｳ,京都府,福知山市,大江町尾藤,0,0,0,0,0,0
26201,620  ,6200801,ｷｮｳﾄﾌ,ﾌｸﾁﾔﾏｼ,ﾄﾀﾞ,京都府,福知山市,戸田,0,0,0,0,0,0
26201,620  ,6200802,ｷｮｳﾄﾌ,ﾌｸﾁﾔﾏｼ,ｵｷ,京都府,福知山市,興,0,0,0,0,0,0
26201,620  ,6200803,ｷｮｳﾄﾌ,ﾌｸﾁﾔﾏｼ,ｶﾝﾉﾝｼﾞ,京都府,福知山市,観音寺,0,0,0,0,0,0
26201,620  ,6200804,ｷｮｳﾄﾌ,ﾌｸﾁﾔﾏｼ,ｲｻ,京都府,福知山市,石原,0,0,0,0,0,0
26201,620  ,6200805,ｷｮｳﾄﾌ,ﾌｸﾁﾔﾏｼ,ﾐﾅﾐﾂﾁﾉﾁｮｳ,京都府,福知山市,南土野町,0,0,0,0,0,0
26201,620  ,6200806,ｷｮｳﾄﾌ,ﾌｸﾁﾔﾏｼ,ｾｲｶﾁｮｳ,京都府,福知山市,聖佳町,0,0,0,0,0,0
26201,620  ,6200807,ｷｮｳﾄﾌ,ﾌｸﾁﾔﾏｼ,ﾋｶﾞｼﾉﾁｮｳ,京都府,福知山市,東野町,0,0,0,0,0,0
26201,620  ,6200808,ｷｮｳﾄﾌ,ﾌｸﾁﾔﾏｼ,ﾂﾁ,京都府,福知山市,土,0,0,0,0,0,0
26201,620  ,6200811,ｷｮｳﾄﾌ,ﾌｸﾁﾔﾏｼ,ｷﾀﾋﾗﾉﾁｮｳ,京都府,福知山市,北平野町,0,0,0,0,0,0
26201,620  ,6200812,ｷｮｳﾄﾌ,ﾌｸﾁﾔﾏｼ,ﾋｶﾞｼﾋﾗﾉﾁｮｳ,京都府,福知山市,東平野町,0,0,0,0,0,0
26201,620  ,6200813,ｷｮｳﾄﾌ,ﾌｸﾁﾔﾏｼ,ﾐﾅﾐﾋﾗﾉﾁｮｳ,京都府,福知山市,南平野町,0,0,0,0,0,0
26201,620  ,6200814,ｷｮｳﾄﾌ,ﾌｸﾁﾔﾏｼ,ﾆｼﾋﾗﾉﾁｮｳ,京都府,福知山市,西平野町,0,0,0,0,0,0
26201,620  ,6200815,ｷｮｳﾄﾌ,ﾌｸﾁﾔﾏｼ,ﾅｶﾞﾔﾏﾁｮｳ,京都府,福知山市,長山町,0,0,0,0,0,0
26201,620  ,6200816,ｷｮｳﾄﾌ,ﾌｸﾁﾔﾏｼ,ｵｵｲｹｻﾞｶﾁｮｳ,京都府,福知山市,大池坂町,0,0,0,0,0,0
26201,620  ,6200817,ｷｮｳﾄﾌ,ﾌｸﾁﾔﾏｼ,ﾅｶｻｶﾁｮｳ,京都府,福知山市,中坂町,0,0,0,0,0,0
26201,620  ,6200821,ｷｮｳﾄﾌ,ﾌｸﾁﾔﾏｼ,ﾐﾏﾀ,京都府,福知山市,三俣,0,0,0,0,0,0
26201,620  ,6200822,ｷｮｳﾄﾌ,ﾌｸﾁﾔﾏｼ,ﾊｷﾞﾜﾗ,京都府,福知山市,萩原,0,0,0,0,0,0
26201,620  ,6200823,ｷｮｳﾄﾌ,ﾌｸﾁﾔﾏｼ,ｲｸﾉ,京都府,福知山市,生野,0,0,0,0,0,0
26201,620  ,6200824,ｷｮｳﾄﾌ,ﾌｸﾁﾔﾏｼ,ﾎﾘｺｼ,京都府,福知山市,堀越,0,0,0,0,0,0
26201,620  ,6200825,ｷｮｳﾄﾌ,ﾌｸﾁﾔﾏｼ,ｳｴﾉ,京都府,福知山市,上野,0,0,0,0,0,0
26201,620  ,6200826,ｷｮｳﾄﾌ,ﾌｸﾁﾔﾏｼ,ｼｮｳｺﾞｼﾞ,京都府,福知山市,正後寺,0,0,0,0,0,0
26201,620  ,6200827,ｷｮｳﾄﾌ,ﾌｸﾁﾔﾏｼ,ｻｶﾑﾛ,京都府,福知山市,坂室,0,0,0,0,0,0
26201,620  ,6200828,ｷｮｳﾄﾌ,ﾌｸﾁﾔﾏｼ,ｼｮｳｻｶ,京都府,福知山市,正坂,0,0,0,0,0,0
26201,620  ,6200831,ｷｮｳﾄﾌ,ﾌｸﾁﾔﾏｼ,ｲﾜｻｷ,京都府,福知山市,岩崎,0,0,0,0,0,0
26201,620  ,6200832,ｷｮｳﾄﾌ,ﾌｸﾁﾔﾏｼ,ｲｹﾀﾞ,京都府,福知山市,池田,0,0,0,0,0,0
26201,620  ,6200833,ｷｮｳﾄﾌ,ﾌｸﾁﾔﾏｼ,ﾐﾔ,京都府,福知山市,宮,0,0,0,0,0,0
26201,620  ,6200834,ｷｮｳﾄﾌ,ﾌｸﾁﾔﾏｼ,ﾅｶﾁ,京都府,福知山市,中地,0,0,0,0,0,0
26201,620  ,6200835,ｷｮｳﾄﾌ,ﾌｸﾁﾔﾏｼ,ｺﾞｼｮｳｼﾞ,京都府,福知山市,後正寺,0,0,0,0,0,0
26201,620  ,6200836,ｷｮｳﾄﾌ,ﾌｸﾁﾔﾏｼ,ｵｵﾁ,京都府,福知山市,大内,0,0,0,0,0,0
26201,620  ,6200837,ｷｮｳﾄﾌ,ﾌｸﾁﾔﾏｼ,ﾀﾉ,京都府,福知山市,田野,0,0,0,0,0,0
26201,620  ,6200838,ｷｮｳﾄﾌ,ﾌｸﾁﾔﾏｼ,ｻｻﾊﾞ,京都府,福知山市,笹場,0,0,0,0,0,0
26201,620  ,6200839,ｷｮｳﾄﾌ,ﾌｸﾁﾔﾏｼ,ｼﾓｼﾞ,京都府,福知山市,下地,0,0,0,0,0,0
26201,620  ,6200841,ｷｮｳﾄﾌ,ﾌｸﾁﾔﾏｼ,ｺﾏﾊﾞｼﾝﾏﾁ,京都府,福知山市,駒場新町,0,0,1,0,0,0
26201,620  ,6200842,ｷｮｳﾄﾌ,ﾌｸﾁﾔﾏｼ,ｵｻﾀﾞｷﾀ,京都府,福知山市,長田北,0,0,0,0,0,0
26201,620  ,6200843,ｷｮｳﾄﾌ,ﾌｸﾁﾔﾏｼ,ｵｻﾀﾞﾐﾅﾐ,京都府,福知山市,長田南,0,0,0,0,0,0
26201,620  ,6200844,ｷｮｳﾄﾌ,ﾌｸﾁﾔﾏｼ,ﾄｵﾉｲﾁ,京都府,福知山市,多保市,0,0,0,0,0,0
26201,620  ,6200845,ｷｮｳﾄﾌ,ﾌｸﾁﾔﾏｼ,ｳｴﾏﾂ,京都府,福知山市,上松,0,0,0,0,0,0
26201,620  ,6200846,ｷｮｳﾄﾌ,ﾌｸﾁﾔﾏｼ,ｵｻﾀﾞﾀﾞﾝ,京都府,福知山市,長田段,0,0,0,0,0,0
26201,620  ,6200847,ｷｮｳﾄﾌ,ﾌｸﾁﾔﾏｼ,ｲﾜﾏ,京都府,福知山市,岩間,0,0,0,0,0,0
26201,620  ,6200848,ｷｮｳﾄﾌ,ﾌｸﾁﾔﾏｼ,ｲﾁﾉﾀﾆ,京都府,福知山市,市の谷,0,0,0,0,0,0
26201,620  ,6200849,ｷｮｳﾄﾌ,ﾌｸﾁﾔﾏｼ,ｽﾅｺﾞﾏﾁ,京都府,福知山市,砂子町,0,0,0,0,0,0
26201,620  ,6200851,ｷｮｳﾄﾌ,ﾌｸﾁﾔﾏｼ,ｵｵﾉｼﾀ,京都府,福知山市,大野下,0,0,0,0,0,0
26201,620  ,6200852,ｷｮｳﾄﾌ,ﾌｸﾁﾔﾏｼ,ｵｵﾉｳｴ,京都府,福知山市,大野上,0,0,0,0,0,0
26201,620  ,6200853,ｷｮｳﾄﾌ,ﾌｸﾁﾔﾏｼ,ｵｻﾀﾞﾉﾁｮｳ,京都府,福知山市,長田野町,0,0,1,0,0,0
26201,620  ,6200854,ｷｮｳﾄﾌ,ﾌｸﾁﾔﾏｼ,ﾀｶﾊﾞﾀｹ,京都府,福知山市,高畑,0,0,0,0,0,0
26201,620  ,6200855,ｷｮｳﾄﾌ,ﾌｸﾁﾔﾏｼ,ﾊｾﾞ(ｼﾝﾏﾁ),京都府,福知山市,土師（新町）,1,0,1,0,0,0
26201,620  ,6200856,ｷｮｳﾄﾌ,ﾌｸﾁﾔﾏｼ,ﾊｾﾞ(ﾐﾔﾏﾁ),京都府,福知山市,土師（宮町）,1,0,1,0,0,0
26201,620  ,6200857,ｷｮｳﾄﾌ,ﾌｸﾁﾔﾏｼ,ﾊｾﾞ,京都府,福知山市,土師,0,0,0,0,0,0
26201,620  ,6200858,ｷｮｳﾄﾌ,ﾌｸﾁﾔﾏｼ,ｵｵﾉ,京都府,福知山市,大野,0,0,0,0,0,0
26201,620  ,6200859,ｷｮｳﾄﾌ,ﾌｸﾁﾔﾏｼ,ｷｷｮｳｶﾞｵｶ,京都府,福知山市,桔梗が丘,0,0,0,0,0,0
26201,620  ,6200861,ｷｮｳﾄﾌ,ﾌｸﾁﾔﾏｼ,ｱｷﾂｶﾞｵｶ,京都府,福知山市,秋津が丘,0,0,0,0,0,0
26201,620  ,6200862,ｷｮｳﾄﾌ,ﾌｸﾁﾔﾏｼ,ﾋｶﾞｼｶﾔﾉﾁｮｳ,京都府,福知山市,東佳屋野町,0,0,0,0,0,0
26201,620  ,6200863,ｷｮｳﾄﾌ,ﾌｸﾁﾔﾏｼ,ｺﾏﾂｶﾞｵｶ,京都府,福知山市,小松ケ丘,0,0,0,0,0,0
26201,620  ,6200864,ｷｮｳﾄﾌ,ﾌｸﾁﾔﾏｼ,ﾐﾅﾐｶﾔﾉﾁｮｳ,京都府,福知山市,南佳屋野町,0,0,0,0,0,0
26201,620  ,6200865,ｷｮｳﾄﾌ,ﾌｸﾁﾔﾏｼ,ﾆｼｶﾔﾉﾁｮｳ,京都府,福知山市,西佳屋野町,0,0,0,0,0,0
26201,620  ,6200866,ｷｮｳﾄﾌ,ﾌｸﾁﾔﾏｼ,ﾏｴﾀﾞｼﾝﾏﾁ,京都府,福知山市,前田新町,0,0,0,0,0,0
26201,620  ,6200867,ｷｮｳﾄﾌ,ﾌｸﾁﾔﾏｼ,ﾏｴﾀﾞ,京都府,福知山市,前田,0,0,0,0,0,0
26201,620  ,6200871,ｷｮｳﾄﾌ,ﾌｸﾁﾔﾏｼ,ｵｶﾉ2ﾏﾁ,京都府,福知山市,岡ノ二町,0,0,0,0,0,0
26201,620  ,6200872,ｷｮｳﾄﾌ,ﾌｸﾁﾔﾏｼ,ｵｶﾉ1ﾏﾁ,京都府,福知山市,岡ノ一町,0,0,0,0,0,0
26201,620  ,6200873,ｷｮｳﾄﾌ,ﾌｸﾁﾔﾏｼ,ｵｶﾉ3ﾏﾁ,京都府,福知山市,岡ノ三町,0,0,0,0,0,0
26201,620  ,6200874,ｷｮｳﾄﾌ,ﾌｸﾁﾔﾏｼ,ﾎﾘｸﾞﾁ,京都府,福知山市,堀口,0,0,0,0,0,0
26201,620  ,6200875,ｷｮｳﾄﾌ,ﾌｸﾁﾔﾏｼ,ｼﾞｬｶﾞﾊﾅ,京都府,福知山市,蛇ケ端,0,0,0,0,0,0
26201,620  ,6200876,ｷｮｳﾄﾌ,ﾌｸﾁﾔﾏｼ,ﾐｽﾞｳﾁ,京都府,福知山市,水内,0,0,0,0,0,0
26201,620  ,6200877,ｷｮｳﾄﾌ,ﾌｸﾁﾔﾏｼ,ﾓﾘｶﾞｲ,京都府,福知山市,森垣,0,0,0,0,0,0
26201,620  ,6200878,ｷｮｳﾄﾌ,ﾌｸﾁﾔﾏｼ,ﾋﾖｼｶﾞｵｶ,京都府,福知山市,日吉ケ丘,0,0,0,0,0,0
26201,620  ,6200879,ｷｮｳﾄﾌ,ﾌｸﾁﾔﾏｼ,ｱﾗｷ,京都府,福知山市,荒木,0,0,0,0,0,0
26201,620  ,6200881,ｷｮｳﾄﾌ,ﾌｸﾁﾔﾏｼ,ｳﾁﾀﾞﾁｮｳ,京都府,福知山市,内田町,0,0,0,0,0,0
26201,620  ,6200882,ｷｮｳﾄﾌ,ﾌｸﾁﾔﾏｼ,ﾋｶﾞｼﾎﾞﾘ,京都府,福知山市,東堀,0,0,0,0,0,0
26201,620  ,6200883,ｷｮｳﾄﾌ,ﾌｸﾁﾔﾏｼ,ﾎﾝﾎﾞﾘ,京都府,福知山市,本堀,0,0,0,0,0,0
26201,620  ,6200884,ｷｮｳﾄﾌ,ﾌｸﾁﾔﾏｼ,ﾐﾅﾐﾎﾝﾎﾞﾘ,京都府,福知山市,南本堀,0,0,0,0,0,0
26201,620  ,6200885,ｷｮｳﾄﾌ,ﾌｸﾁﾔﾏｼ,ﾐﾅﾐｺﾀﾆｶﾞｵｶ,京都府,福知山市,南小谷ケ丘,0,0,0,0,0,0
26201,620  ,6200886,ｷｮｳﾄﾌ,ﾌｸﾁﾔﾏｼ,ﾆｼｺﾀﾆｶﾞｵｶ,京都府,福知山市,西小谷ケ丘,0,0,0,0,0,0
26201,620  ,6200887,ｷｮｳﾄﾌ,ﾌｸﾁﾔﾏｼ,ﾋｶﾞｼｺﾀﾆｶﾞｵｶ,京都府,福知山市,東小谷ケ丘,0,0,0,0,0,0
26201,620  ,6200888,ｷｮｳﾄﾌ,ﾌｸﾁﾔﾏｼ,ﾉｹ,京都府,福知山市,野家,0,0,0,0,0,0
26201,620  ,6200891,ｷｮｳﾄﾌ,ﾌｸﾁﾔﾏｼ,ｵｶﾉｳｴﾏﾁ,京都府,福知山市,岡ノ上町,0,0,0,0,0,0
26201,620  ,6200892,ｷｮｳﾄﾌ,ﾌｸﾁﾔﾏｼ,ﾋｶﾞｼｵｶﾁｮｳ,京都府,福知山市,東岡町,0,0,0,0,0,0
26201,620  ,6200893,ｷｮｳﾄﾌ,ﾌｸﾁﾔﾏｼ,ｷﾀｺﾀﾆｶﾞｵｶ,京都府,福知山市,北小谷ケ丘,0,0,0,0,0,0
26201,620  ,6200894,ｷｮｳﾄﾌ,ﾌｸﾁﾔﾏｼ,ﾏﾙﾀｶﾞｵｶ,京都府,福知山市,丸田ケ丘,0,0,0,0,0,0
26201,620  ,6200895,ｷｮｳﾄﾌ,ﾌｸﾁﾔﾏｼ,ﾐﾄﾞﾘｶﾞｵｶﾁｮｳ,京都府,福知山市,緑ケ丘町,0,0,0,0,0,0
26201,620  ,6200901,ｷｮｳﾄﾌ,ﾌｸﾁﾔﾏｼ,ｶﾐｻｻｷ,京都府,福知山市,上佐々木,0,0,0,0,0,0
26201,620  ,6200902,ｷｮｳﾄﾌ,ﾌｸﾁﾔﾏｼ,ｷﾀ,京都府,福知山市,喜多,0,0,0,0,0,0
26201,620  ,6200903,ｷｮｳﾄﾌ,ﾌｸﾁﾔﾏｼ,ﾋﾉｵ,京都府,福知山市,日尾,0,0,0,0,0,0
26201,620  ,6200904,ｷｮｳﾄﾌ,ﾌｸﾁﾔﾏｼ,ｼﾞｮｳｶﾞﾝｼﾞ,京都府,福知山市,常願寺,0,0,0,0,0,0
26201,620  ,6200905,ｷｮｳﾄﾌ,ﾌｸﾁﾔﾏｼ,ﾀﾜ,京都府,福知山市,田和,0,0,0,0,0,0
26201,620  ,6200906,ｷｮｳﾄﾌ,ﾌｸﾁﾔﾏｼ,ｼﾝｸﾞｳ,京都府,福知山市,新宮,0,0,0,0,0,0
26201,620  ,6200907,ｷｮｳﾄﾌ,ﾌｸﾁﾔﾏｼ,ｲﾁﾉﾐﾔ,京都府,福知山市,一ノ宮,0,0,0,0,0,0
26201,620  ,6200908,ｷｮｳﾄﾌ,ﾌｸﾁﾔﾏｼ,ｼﾓｻｻｷ,京都府,福知山市,下佐々木,0,0,0,0,0,0
26201,620  ,6200909,ｷｮｳﾄﾌ,ﾌｸﾁﾔﾏｼ,ﾅｶｻｻｷ,京都府,福知山市,中佐々木,0,0,0,0,0,0
26201,620  ,6200911,ｷｮｳﾄﾌ,ﾌｸﾁﾔﾏｼ,ｶﾐｵｵﾁ,京都府,福知山市,上大内,0,0,0,0,0,0
26201,620  ,6200912,ｷｮｳﾄﾌ,ﾌｸﾁﾔﾏｼ,ｼﾓｵｵﾁ,京都府,福知山市,下大内,0,0,0,0,0,0
26201,620  ,6200913,ｷｮｳﾄﾌ,ﾌｸﾁﾔﾏｼ,ﾏｷ,京都府,福知山市,牧,0,0,0,0,0,0
26201,620  ,6200914,ｷｮｳﾄﾌ,ﾌｸﾁﾔﾏｼ,ﾀﾂﾜﾗ,京都府,福知山市,立原,0,0,0,0,0,0
26201,620  ,6200915,ｷｮｳﾄﾌ,ﾌｸﾁﾔﾏｼ,ｼﾞｭｳﾆ,京都府,福知山市,十二,0,0,0,0,0,0
26201,620  ,6200916,ｷｮｳﾄﾌ,ﾌｸﾁﾔﾏｼ,ﾑｿﾁ,京都府,福知山市,六十内,0,0,0,0,0,0
26201,620  ,6200917,ｷｮｳﾄﾌ,ﾌｸﾁﾔﾏｼ,ﾉﾊﾞﾅ,京都府,福知山市,野花,0,0,0,0,0,0
26201,620  ,6200918,ｷｮｳﾄﾌ,ﾌｸﾁﾔﾏｼ,ｴﾋﾞｽ,京都府,福知山市,夷,0,0,0,0,0,0
26201,620  ,6200920,ｷｮｳﾄﾌ,ﾌｸﾁﾔﾏｼ,ｲﾜｲｼﾝﾏﾁ,京都府,福知山市,岩井新町,0,0,0,0,0,0
26201,620  ,6200921,ｷｮｳﾄﾌ,ﾌｸﾁﾔﾏｼ,ｶｼﾉｷﾀﾞｲ,京都府,福知山市,かしの木台,0,0,1,0,0,0
26201,620  ,6200922,ｷｮｳﾄﾌ,ﾌｸﾁﾔﾏｼ,ｲﾜｲ,京都府,福知山市,岩井,0,0,0,0,0,0
26201,620  ,6200923,ｷｮｳﾄﾌ,ﾌｸﾁﾔﾏｼ,ﾎﾝｼｮｳ,京都府,福知山市,本庄,0,0,0,0,0,0
26201,620  ,6200924,ｷｮｳﾄﾌ,ﾌｸﾁﾔﾏｼ,ｻｿｵ(ｼﾓｻｿｵ),京都府,福知山市,篠尾（下篠尾）,0,0,0,1,0,0
26201,620  ,6200924,ｷｮｳﾄﾌ,ﾌｸﾁﾔﾏｼ,ｼﾓｻｿｵ,京都府,福知山市,下篠尾,0,0,0,1,0,0
26201,620  ,6200925,ｷｮｳﾄﾌ,ﾌｸﾁﾔﾏｼ,ｶﾐｻｿｵ,京都府,福知山市,上篠尾,0,0,0,1,0,0
26201,620  ,6200925,ｷｮｳﾄﾌ,ﾌｸﾁﾔﾏｼ,ｻｿｵ(ｶﾐｻｿｵ),京都府,福知山市,篠尾（上篠尾）,0,0,0,1,0,0
26201,620  ,6200926,ｷｮｳﾄﾌ,ﾌｸﾁﾔﾏｼ,ｼﾝｼﾞｮｳ,京都府,福知山市,新庄,0,0,0,0,0,0
26201,620  ,6200927,ｷｮｳﾄﾌ,ﾌｸﾁﾔﾏｼ,ﾜｸﾃﾞﾗ,京都府,福知山市,和久寺,0,0,0,0,0,0
26201,620  ,6200928,ｷｮｳﾄﾌ,ﾌｸﾁﾔﾏｼ,ｵｸﾉﾍﾞ,京都府,福知山市,奥野部,0,0,0,0,0,0
26201,620  ,6200931,ｷｮｳﾄﾌ,ﾌｸﾁﾔﾏｼ,ｷﾀﾊｺﾞｳ,京都府,福知山市,北羽合,0,0,0,1,0,0
26201,620  ,6200931,ｷｮｳﾄﾌ,ﾌｸﾁﾔﾏｼ,ｻｿｵ(ｷﾀﾊｺﾞｳ),京都府,福知山市,篠尾（北羽合）,0,0,0,1,0,0
26201,620  ,6200932,ｷｮｳﾄﾌ,ﾌｸﾁﾔﾏｼ,ｻｿｵ(ﾆｼﾊｺﾞｳ),京都府,福知山市,篠尾（西羽合）,0,0,0,1,0,0
26201,620  ,6200932,ｷｮｳﾄﾌ,ﾌｸﾁﾔﾏｼ,ﾆｼﾊｺﾞｳ,京都府,福知山市,西羽合,0,0,0,1,0,0
26201,620  ,6200933,ｷｮｳﾄﾌ,ﾌｸﾁﾔﾏｼ,ｻｿｵ(ﾋｶﾞｼﾊｺﾞｳ),京都府,福知山市,篠尾（東羽合）,0,0,0,1,0,0
26201,620  ,6200933,ｷｮｳﾄﾌ,ﾌｸﾁﾔﾏｼ,ﾋｶﾞｼﾊｺﾞｳ,京都府,福知山市,東羽合,0,0,0,1,0,0
26201,620  ,6200934,ｷｮｳﾄﾌ,ﾌｸﾁﾔﾏｼ,ｻｿｵ(ﾐﾅﾐﾊｺﾞｳ),京都府,福知山市,篠尾（南羽合）,0,0,0,1,0,0
26201,620  ,6200934,ｷｮｳﾄﾌ,ﾌｸﾁﾔﾏｼ,ﾐﾅﾐﾊｺﾞｳ,京都府,福知山市,南羽合,0,0,0,1,0,0
26201,620  ,6200935,ｷｮｳﾄﾌ,ﾌｸﾁﾔﾏｼ,ﾑｶｲﾉ,京都府,福知山市,向野,0,0,0,0,0,0
26201,620  ,6200936,ｷｮｳﾄﾌ,ﾌｸﾁﾔﾏｼ,ｼｮｳﾐｮｳｼﾞ,京都府,福知山市,正明寺,0,0,0,0,0,0
26201,620  ,6200937,ｷｮｳﾄﾌ,ﾌｸﾁﾔﾏｼ,ﾑﾛ,京都府,福知山市,室,0,0,0,0,0,0
26201,620  ,6200938,ｷｮｳﾄﾌ,ﾌｸﾁﾔﾏｼ,ｵﾉﾜｷ,京都府,福知山市,小野脇,0,0,0,0,0,0
26201,620  ,6200939,ｷｮｳﾄﾌ,ﾌｸﾁﾔﾏｼ,ｲﾁﾃﾞﾗ,京都府,福知山市,市寺,0,0,0,0,0,0
26201,620  ,6200940,ｷｮｳﾄﾌ,ﾌｸﾁﾔﾏｼ,ｴｷﾅﾝﾁｮｳ,京都府,福知山市,駅南町,0,0,1,0,0,0
26201,620  ,6200943,ｷｮｳﾄﾌ,ﾌｸﾁﾔﾏｼ,ｷﾀｵｶﾁｮｳ,京都府,福知山市,北岡町,0,0,0,0,0,0
26201,620  ,6200944,ｷｮｳﾄﾌ,ﾌｸﾁﾔﾏｼ,ﾐﾅﾐｵｶﾏﾁ,京都府,福知山市,南岡町,0,0,0,0,0,0
26201,620  ,6200945,ｷｮｳﾄﾌ,ﾌｸﾁﾔﾏｼ,ﾋﾛﾐﾈﾁｮｳ,京都府,福知山市,広峯町,0,0,0,0,0,0
26201,620  ,6200946,ｷｮｳﾄﾌ,ﾌｸﾁﾔﾏｼ,ﾐﾅﾐｱﾏﾀﾞﾁｮｳ,京都府,福知山市,南天田町,0,0,0,0,0,0
26201,620  ,6200947,ｷｮｳﾄﾌ,ﾌｸﾁﾔﾏｼ,ｱｻﾋｶﾞｵｶ,京都府,福知山市,旭が丘,0,0,0,0,0,0
26201,620  ,6200948,ｷｮｳﾄﾌ,ﾌｸﾁﾔﾏｼ,ｻｿｵ(ﾕｳﾋｶﾞｵｶ),京都府,福知山市,篠尾（夕陽が丘）,0,0,0,1,0,0
26201,620  ,6200948,ｷｮｳﾄﾌ,ﾌｸﾁﾔﾏｼ,ﾕｳﾋｶﾞｵｶ,京都府,福知山市,夕陽が丘,0,0,0,1,0,0
26201,620  ,6200949,ｷｮｳﾄﾌ,ﾌｸﾁﾔﾏｼ,ﾂﾂｼﾞｶﾞｵｶ,京都府,福知山市,つつじケ丘,0,0,0,0,0,0
26201,620  ,6200951,ｷｮｳﾄﾌ,ﾌｸﾁﾔﾏｼ,ﾄﾐｵｶ,京都府,福知山市,十三丘,0,0,0,0,0,0
26201,620  ,6200952,ｷｮｳﾄﾌ,ﾌｸﾁﾔﾏｼ,ﾀﾞｲﾓﾝ,京都府,福知山市,大門,0,0,0,0,0,0
26201,620  ,6200953,ｷｮｳﾄﾌ,ﾌｸﾁﾔﾏｼ,ｲﾏﾔｽ,京都府,福知山市,今安,0,0,0,0,0,0
26201,620  ,6200954,ｷｮｳﾄﾌ,ﾌｸﾁﾔﾏｼ,ﾊﾝﾀﾞ,京都府,福知山市,半田,0,0,0,0,0,0
26201,620  ,6200955,ｷｮｳﾄﾌ,ﾌｸﾁﾔﾏｼ,ﾊｲｼ,京都府,福知山市,拝師,0,0,0,0,0,0
26201,620  ,6200956,ｷｮｳﾄﾌ,ﾌｸﾁﾔﾏｼ,ｽｸﾓﾂﾞｶ,京都府,福知山市,額塚,0,0,0,0,0,0
26201,620  ,6200957,ｷｮｳﾄﾌ,ﾌｸﾁﾔﾏｼ,ﾔﾏｻﾞｷ,京都府,福知山市,山崎,0,0,0,0,0,0
26201,620  ,6200958,ｷｮｳﾄﾌ,ﾌｸﾁﾔﾏｼ,ｻﾂｷｶﾞｵｶ,京都府,福知山市,さつきケ丘,0,0,0,0,0,0
26201,620  ,6200961,ｷｮｳﾄﾌ,ﾌｸﾁﾔﾏｼ,ｲｼﾊﾞ,京都府,福知山市,石場,0,0,0,0,0,0
26201,620  ,6200962,ｷｮｳﾄﾌ,ﾌｸﾁﾔﾏｼ,ｸﾁｴﾊﾞﾗ,京都府,福知山市,口榎原,0,0,0,0,0,0
26201,620  ,6200963,ｷｮｳﾄﾌ,ﾌｸﾁﾔﾏｼ,ｵｸｴﾊﾞﾗ,京都府,福知山市,奥榎原,0,0,0,0,0,0
26201,620  ,6200964,ｷｮｳﾄﾌ,ﾌｸﾁﾔﾏｼ,ｱﾏｸﾞﾘ,京都府,福知山市,甘栗,0,0,0,0,0,0
26201,620  ,6200965,ｷｮｳﾄﾌ,ﾌｸﾁﾔﾏｼ,ﾀﾙﾐ,京都府,福知山市,樽水,0,0,0,0,0,0
26201,620  ,6200966,ｷｮｳﾄﾌ,ﾌｸﾁﾔﾏｼ,ﾂｼﾞ,京都府,福知山市,辻,0,0,0,0,0,0
26201,620  ,6200967,ｷｮｳﾄﾌ,ﾌｸﾁﾔﾏｼ,ﾊﾀｹﾅｶ,京都府,福知山市,畑中,0,0,0,0,0,0
26201,620  ,6200968,ｷｮｳﾄﾌ,ﾌｸﾁﾔﾏｼ,ｷﾀﾔﾏ,京都府,福知山市,北山,0,0,0,0,0,0
26201,620  ,6200969,ｷｮｳﾄﾌ,ﾌｸﾁﾔﾏｼ,ｶﾔﾉﾀﾞｲ,京都府,福知山市,茅ノ台,0,0,0,0,0,0
26201,620  ,6200971,ｷｮｳﾄﾌ,ﾌｸﾁﾔﾏｼ,ｻｹﾞﾄ,京都府,福知山市,下戸,0,0,0,0,0,0
26201,620  ,6200972,ｷｮｳﾄﾌ,ﾌｸﾁﾔﾏｼ,ｺﾏｷ,京都府,福知山市,小牧,0,0,0,0,0,0
26201,620  ,6200973,ｷｮｳﾄﾌ,ﾌｸﾁﾔﾏｼ,ﾀﾞﾝ,京都府,福知山市,談,0,0,0,0,0,0
26201,620  ,6200974,ｷｮｳﾄﾌ,ﾌｸﾁﾔﾏｼ,ﾎｳﾖｳ,京都府,福知山市,法用,0,0,0,0,0,0
26201,620  ,6200981,ｷｮｳﾄﾌ,ﾌｸﾁﾔﾏｼ,ｵﾀﾞ,京都府,福知山市,小田,0,0,0,0,0,0
26201,620  ,6200982,ｷｮｳﾄﾌ,ﾌｸﾁﾔﾏｼ,ｼﾓｵﾀﾞ,京都府,福知山市,下小田,0,0,0,0,0,0
26201,620  ,6200983,ｷｮｳﾄﾌ,ﾌｸﾁﾔﾏｼ,ﾉｻﾞｻ,京都府,福知山市,野笹,0,0,0,0,0,0
26201,620  ,6200984,ｷｮｳﾄﾌ,ﾌｸﾁﾔﾏｼ,ｲﾉﾉ,京都府,福知山市,猪野々,0,0,0,0,0,0
26201,620  ,6200985,ｷｮｳﾄﾌ,ﾌｸﾁﾔﾏｼ,ｳﾒﾀﾞﾆ,京都府,福知山市,梅谷,0,0,0,0,0,0
26201,620  ,6200986,ｷｮｳﾄﾌ,ﾌｸﾁﾔﾏｼ,ﾐﾔｶﾞｷ,京都府,福知山市,宮垣,0,0,0,0,0,0
26201,620  ,6200987,ｷｮｳﾄﾌ,ﾌｸﾁﾔﾏｼ,ｶﾓﾉﾁｮｳ,京都府,福知山市,鴨野町,0,0,0,0,0,0
26201,620  ,6200988,ｷｮｳﾄﾌ,ﾌｸﾁﾔﾏｼ,ｵｵﾐﾅｶﾞｿ,京都府,福知山市,大見長祖,0,0,0,0,0,0
26201,620  ,6200989,ｷｮｳﾄﾌ,ﾌｸﾁﾔﾏｼ,ｽﾐﾝｼﾞｮｵｵﾔﾏ,京都府,福知山市,住所大山,0,0,0,0,0,0
26201,62013,6201301,ｷｮｳﾄﾌ,ﾌｸﾁﾔﾏｼ,ﾐﾜﾁｮｳｵｵﾊﾞﾗ,京都府,福知山市,三和町大原,0,0,0,0,0,0
26201,62013,6201302,ｷｮｳﾄﾌ,ﾌｸﾁﾔﾏｼ,ﾐﾜﾁｮｳﾀﾞｲﾄ,京都府,福知山市,三和町台頭,0,0,0,0,0,0
26201,62013,6201311,ｷｮｳﾄﾌ,ﾌｸﾁﾔﾏｼ,ﾐﾜﾁｮｳｶﾐｶﾞﾜｲ,京都府,福知山市,三和町上川合,0,0,0,0,0,0
26201,62013,6201312,ｷｮｳﾄﾌ,ﾌｸﾁﾔﾏｼ,ﾐﾜﾁｮｳﾕﾘ,京都府,福知山市,三和町岼,0,0,0,0,0,0
26201,62013,6201313,ｷｮｳﾄﾌ,ﾌｸﾁﾔﾏｼ,ﾐﾜﾁｮｳｼﾓｶﾜｲ,京都府,福知山市,三和町下川合,0,0,0,0,0,0
26201,62013,6201314,ｷｮｳﾄﾌ,ﾌｸﾁﾔﾏｼ,ﾐﾜﾁｮｳｶﾖｳ,京都府,福知山市,三和町加用,0,0,0,0,0,0
26201,62014,6201421,ｷｮｳﾄﾌ,ﾌｸﾁﾔﾏｼ,ﾐﾜﾁｮｳｵｵﾐ,京都府,福知山市,三和町大身,0,0,0,0,0,0
26201,62014,6201422,ｷｮｳﾄﾌ,ﾌｸﾁﾔﾏｼ,ﾐﾜﾁｮｳｳﾊﾞﾗﾅｶ,京都府,福知山市,三和町菟原中,0,0,0,0,0,0
26201,62014,6201423,ｷｮｳﾄﾌ,ﾌｸﾁﾔﾏｼ,ﾐﾜﾁｮｳﾀｶｽｷﾞ,京都府,福知山市,三和町高杉,0,0,0,0,0,0
26201,62014,6201424,ｷｮｳﾄﾌ,ﾌｸﾁﾔﾏｼ,ﾐﾜﾁｮｳﾄﾓﾌﾞﾁ,京都府,福知山市,三和町友渕,0,0,0,0,0,0
26201,62014,6201425,ｷｮｳﾄﾌ,ﾌｸﾁﾔﾏｼ,ﾐﾜﾁｮｳｳﾊﾞﾗｼﾓ,京都府,福知山市,三和町菟原下,0,0,0,0,0,0
26201,62014,6201431,ｷｮｳﾄﾌ,ﾌｸﾁﾔﾏｼ,ﾐﾜﾁｮｳﾂｼﾞ,京都府,福知山市,三和町辻,0,0,0,0,0,0
26201,62014,6201432,ｷｮｳﾄﾌ,ﾌｸﾁﾔﾏｼ,ﾐﾜﾁｮｳﾅｶﾃﾞ,京都府,福知山市,三和町中出,0,0,0,0,0,0
26201,62014,6201433,ｷｮｳﾄﾌ,ﾌｸﾁﾔﾏｼ,ﾐﾜﾁｮｳﾀﾉﾀﾆ,京都府,福知山市,三和町田ノ谷,0,0,0,0,0,0
26201,62014,6201434,ｷｮｳﾄﾌ,ﾌｸﾁﾔﾏｼ,ﾐﾜﾁｮｳｻｲﾏﾂ,京都府,福知山市,三和町西松,0,0,0,0,0,0
26201,62014,6201435,ｷｮｳﾄﾌ,ﾌｸﾁﾔﾏｼ,ﾐﾜﾁｮｳｸｻﾔﾏ,京都府,福知山市,三和町草山,0,0,0,0,0,0
26201,62014,6201441,ｷｮｳﾄﾌ,ﾌｸﾁﾔﾏｼ,ﾐﾜﾁｮｳｳﾒﾊﾗ,京都府,福知山市,三和町梅原,0,0,0,0,0,0
26201,62014,6201442,ｷｮｳﾄﾌ,ﾌｸﾁﾔﾏｼ,ﾐﾜﾁｮｳｾﾝｿﾞｸ,京都府,福知山市,三和町千束,0,0,0,0,0,0
26201,62014,6201443,ｷｮｳﾄﾌ,ﾌｸﾁﾔﾏｼ,ﾐﾜﾁｮｳﾃﾗｵ,京都府,福知山市,三和町寺尾,0,0,0,0,0,0
26201,62014,6201444,ｷｮｳﾄﾌ,ﾌｸﾁﾔﾏｼ,ﾐﾜﾁｮｳｱｼﾌﾞﾁ,京都府,福知山市,三和町芦渕,0,0,0,0,0,0
26201,62014,6201445,ｷｮｳﾄﾌ,ﾌｸﾁﾔﾏｼ,ﾐﾜﾁｮｳﾐﾜ,京都府,福知山市,三和町みわ,0,0,0,0,0,0
26206,621  ,6210000,ｷｮｳﾄﾌ,ｶﾒｵｶｼ,ｲｶﾆｹｲｻｲｶﾞﾅｲﾊﾞｱｲ,京都府,亀岡市,以下に掲載がない場合,0,0,0,0,0,0
26206,621  ,6210001,ｷｮｳﾄﾌ,ｶﾒｵｶｼ,ｱｻﾋﾁｮｳ,京都府,亀岡市,旭町,0,1,0,0,0,0
26206,621  ,6210002,ｷｮｳﾄﾌ,ｶﾒｵｶｼ,ﾁﾄｾﾁｮｳﾁﾄｾ,京都府,亀岡市,千歳町千歳,0,1,0,0,0,0
26206,621  ,6210003,ｷｮｳﾄﾌ,ｶﾒｵｶｼ,ﾁﾄｾﾁｮｳｺｸﾌﾞ,京都府,亀岡市,千歳町国分,0,1,0,0,0,0
26206,621  ,6210004,ｷｮｳﾄﾌ,ｶﾒｵｶｼ,ﾁﾄｾﾁｮｳﾋﾞｼｬﾓﾝ,京都府,亀岡市,千歳町毘沙門,0,1,0,0,0,0
26206,621  ,6210005,ｷｮｳﾄﾌ,ｶﾒｵｶｼ,ﾎﾂﾞﾁｮｳ,京都府,亀岡市,保津町,0,1,0,0,0,0
26206,621  ,6210006,ｷｮｳﾄﾌ,ｶﾒｵｶｼ,ｶﾜﾗﾊﾞﾔｼﾁｮｳｼｮｳﾘﾝｼﾞﾏ,京都府,亀岡市,河原林町勝林島,0,1,0,0,0,0
26206,621  ,6210007,ｷｮｳﾄﾌ,ｶﾒｵｶｼ,ｶﾜﾗﾊﾞﾔｼﾁｮｳｶﾜﾗｼﾞﾘ,京都府,亀岡市,河原林町河原尻,0,1,0,0,0,0
26206,621  ,6210008,ｷｮｳﾄﾌ,ｶﾒｵｶｼ,ｳﾏｼﾞﾁｮｳ,京都府,亀岡市,馬路町,0,1,0,0,0,0
26206,621  ,6210011,ｷｮｳﾄﾌ,ｶﾒｵｶｼ,ｵｵｲﾁｮｳﾂﾁﾀﾞ,京都府,亀岡市,大井町土田,0,1,1,0,0,0
26206,621  ,6210012,ｷｮｳﾄﾌ,ｶﾒｵｶｼ,ｵｵｲﾁｮｳｶｽﾐｶﾞｵｶ,京都府,亀岡市,大井町かすみケ丘,0,0,0,0,0,0
26206,621  ,6210013,ｷｮｳﾄﾌ,ｶﾒｵｶｼ,ｵｵｲﾁｮｳﾅﾐｶﾜ,京都府,亀岡市,大井町並河,0,1,1,0,0,0
26206,621  ,6210014,ｷｮｳﾄﾌ,ｶﾒｵｶｼ,ﾖｼｶﾜﾁｮｳｱﾅｶﾞﾜ,京都府,亀岡市,吉川町穴川,0,1,0,0,0,0
26206,621  ,6210015,ｷｮｳﾄﾌ,ｶﾒｵｶｼ,ﾖｼｶﾜﾁｮｳﾖｼﾀﾞ,京都府,亀岡市,吉川町吉田,0,1,0,0,0,0
26206,621  ,6210016,ｷｮｳﾄﾌ,ｶﾒｵｶｼ,ｵｵｲﾁｮｳﾐﾅﾐｶﾅｹﾞ,京都府,亀岡市,大井町南金岐,0,1,0,0,0,0
26206,621  ,6210017,ｷｮｳﾄﾌ,ｶﾒｵｶｼ,ｵｵｲﾁｮｳｷﾀｶﾅｹﾞ,京都府,亀岡市,大井町北金岐,0,1,0,0,0,0
26206,621  ,6210018,ｷｮｳﾄﾌ,ｶﾒｵｶｼ,ｵｵｲﾁｮｳｺｶﾅｹﾞ,京都府,亀岡市,大井町小金岐,0,1,1,0,0,0
26206,621  ,6210021,ｷｮｳﾄﾌ,ｶﾒｵｶｼ,ｿｶﾞﾍﾞﾁｮｳｼｹﾞﾄｼ,京都府,亀岡市,曽我部町重利,0,1,0,0,0,0
26206,621  ,6210022,ｷｮｳﾄﾌ,ｶﾒｵｶｼ,ｿｶﾞﾍﾞﾁｮｳﾅﾝｼﾞｮｳ,京都府,亀岡市,曽我部町南条,0,1,0,0,0,0
26206,621  ,6210023,ｷｮｳﾄﾌ,ｶﾒｵｶｼ,ｿｶﾞﾍﾞﾁｮｳﾃﾗ,京都府,亀岡市,曽我部町寺,0,1,0,0,0,0
26206,621  ,6210024,ｷｮｳﾄﾌ,ｶﾒｵｶｼ,ｿｶﾞﾍﾞﾁｮｳｶｽｶﾍﾞ,京都府,亀岡市,曽我部町春日部,0,1,0,0,0,0
26206,621  ,6210025,ｷｮｳﾄﾌ,ｶﾒｵｶｼ,ｿｶﾞﾍﾞﾁｮｳﾅｶ,京都府,亀岡市,曽我部町中,0,1,0,0,0,0
26206,621  ,6210026,ｷｮｳﾄﾌ,ｶﾒｵｶｼ,ｿｶﾞﾍﾞﾁｮｳﾎｳｷ,京都府,亀岡市,曽我部町法貴,0,1,0,0,0,0
26206,621  ,6210027,ｷｮｳﾄﾌ,ｶﾒｵｶｼ,ｿｶﾞﾍﾞﾁｮｳｲﾇｶｲ,京都府,亀岡市,曽我部町犬飼,0,1,0,0,0,0
26206,621  ,6210028,ｷｮｳﾄﾌ,ｶﾒｵｶｼ,ｿｶﾞﾍﾞﾁｮｳﾆｼｼﾞｮｳ,京都府,亀岡市,曽我部町西条,0,1,0,0,0,0
26206,621  ,6210029,ｷｮｳﾄﾌ,ｶﾒｵｶｼ,ｿｶﾞﾍﾞﾁｮｳｱﾅｵ,京都府,亀岡市,曽我部町穴太,0,1,0,0,0,0
26206,621  ,6210031,ｷｮｳﾄﾌ,ｶﾒｵｶｼ,ﾋｴﾀﾞﾉﾁｮｳｵｵﾀ,京都府,亀岡市,ひえ田野町太田,0,1,0,0,0,0
26206,621  ,6210032,ｷｮｳﾄﾌ,ｶﾒｵｶｼ,ﾋｴﾀﾞﾉﾁｮｳﾃﾝｶﾞﾜ,京都府,亀岡市,ひえ田野町天川,0,1,0,0,0,0
26206,621  ,6210033,ｷｮｳﾄﾌ,ｶﾒｵｶｼ,ﾋｴﾀﾞﾉﾁｮｳｻｴｷ,京都府,亀岡市,ひえ田野町佐伯,0,1,0,0,0,0
26206,621  ,6210034,ｷｮｳﾄﾌ,ｶﾒｵｶｼ,ﾋｴﾀﾞﾉﾁｮｳｱｼﾉﾔﾏ,京都府,亀岡市,ひえ田野町芦ノ山,0,1,0,0,0,0
26206,621  ,6210035,ｷｮｳﾄﾌ,ｶﾒｵｶｼ,ﾋｴﾀﾞﾉﾁｮｳｵｸｼﾞｮｳ,京都府,亀岡市,ひえ田野町奥条,0,1,0,0,0,0
26206,621  ,6210036,ｷｮｳﾄﾌ,ｶﾒｵｶｼ,ﾋｴﾀﾞﾉﾁｮｳｶｷﾊﾅ,京都府,亀岡市,ひえ田野町柿花,0,1,0,0,0,0
26206,621  ,6210037,ｷｮｳﾄﾌ,ｶﾒｵｶｼ,ﾋｴﾀﾞﾉﾁｮｳﾛｸﾔ,京都府,亀岡市,ひえ田野町鹿谷,0,1,0,0,0,0
26206,621  ,6210041,ｷｮｳﾄﾌ,ｶﾒｵｶｼ,ﾁﾖｶﾜﾁｮｳｵｶﾞﾜ,京都府,亀岡市,千代川町小川,0,1,1,0,0,0
26206,621  ,6210042,ｷｮｳﾄﾌ,ｶﾒｵｶｼ,ﾁﾖｶﾜﾁｮｳﾀｶﾉﾊﾔｼ,京都府,亀岡市,千代川町高野林,0,1,0,0,0,0
26206,621  ,6210043,ｷｮｳﾄﾌ,ｶﾒｵｶｼ,ﾁﾖｶﾜﾁｮｳｵﾊﾞﾔｼ,京都府,亀岡市,千代川町小林,0,1,0,0,0,0
26206,621  ,6210044,ｷｮｳﾄﾌ,ｶﾒｵｶｼ,ﾁﾖｶﾜﾁｮｳﾋﾖｼﾀﾞｲ,京都府,亀岡市,千代川町日吉台,0,0,0,0,0,0
26206,621  ,6210045,ｷｮｳﾄﾌ,ｶﾒｵｶｼ,ﾁﾖｶﾜﾁｮｳﾕｲ,京都府,亀岡市,千代川町湯井,0,1,0,0,0,0
26206,621  ,6210046,ｷｮｳﾄﾌ,ｶﾒｵｶｼ,ﾁﾖｶﾜﾁｮｳｷﾀﾉｼｮｳ,京都府,亀岡市,千代川町北ノ庄,0,1,0,0,0,0
26206,621  ,6210051,ｷｮｳﾄﾌ,ｶﾒｵｶｼ,ﾁﾖｶﾜﾁｮｳｲﾏﾂﾞ,京都府,亀岡市,千代川町今津,0,1,1,0,0,0
26206,621  ,6210052,ｷｮｳﾄﾌ,ｶﾒｵｶｼ,ﾁﾖｶﾜﾁｮｳﾁﾊﾗ,京都府,亀岡市,千代川町千原,0,1,1,0,0,0
26206,621  ,6210053,ｷｮｳﾄﾌ,ｶﾒｵｶｼ,ﾁﾖｶﾜﾁｮｳﾊｲﾀﾞ,京都府,亀岡市,千代川町拝田,0,1,0,0,0,0
26206,621  ,6210054,ｷｮｳﾄﾌ,ｶﾒｵｶｼ,ﾁﾖｶﾜﾁｮｳｶﾜｾﾞｷ,京都府,亀岡市,千代川町川関,0,1,0,0,0,0
26206,62101,6210101,ｷｮｳﾄﾌ,ｶﾒｵｶｼ,ﾋｶﾞｼﾍﾞﾂｲﾝﾁｮｳｺｲｽﾞﾐ,京都府,亀岡市,東別院町小泉,0,1,0,0,0,0
26206,62101,6210102,ｷｮｳﾄﾌ,ｶﾒｵｶｼ,ﾋｶﾞｼﾍﾞﾂｲﾝﾁｮｳｶﾐﾊﾗ,京都府,亀岡市,東別院町神原,0,1,0,0,0,0
26206,62101,6210103,ｷｮｳﾄﾌ,ｶﾒｵｶｼ,ﾋｶﾞｼﾍﾞﾂｲﾝﾁｮｳﾄｳｹﾞ,京都府,亀岡市,東別院町東掛,0,1,0,0,0,0
26206,62101,6210104,ｷｮｳﾄﾌ,ｶﾒｵｶｼ,ﾋｶﾞｼﾍﾞﾂｲﾝﾁｮｳｵｵﾉ,京都府,亀岡市,東別院町大野,0,1,0,0,0,0
26206,62101,6210111,ｷｮｳﾄﾌ,ｶﾒｵｶｼ,ﾋｶﾞｼﾍﾞﾂｲﾝﾁｮｳﾅﾝｹﾞ,京都府,亀岡市,東別院町南掛,0,1,0,0,0,0
26206,62101,6210112,ｷｮｳﾄﾌ,ｶﾒｵｶｼ,ﾋｶﾞｼﾍﾞﾂｲﾝﾁｮｳﾕﾔ,京都府,亀岡市,東別院町湯谷,0,1,0,0,0,0
26206,62101,6210113,ｷｮｳﾄﾌ,ｶﾒｵｶｼ,ﾋｶﾞｼﾍﾞﾂｲﾝﾁｮｳｸﾗﾀﾞﾆ,京都府,亀岡市,東別院町倉谷,0,1,0,0,0,0
26206,62101,6210114,ｷｮｳﾄﾌ,ｶﾒｵｶｼ,ﾋｶﾞｼﾍﾞﾂｲﾝﾁｮｳｶﾏｸﾗ,京都府,亀岡市,東別院町鎌倉,0,1,0,0,0,0
26206,62101,6210115,ｷｮｳﾄﾌ,ｶﾒｵｶｼ,ﾋｶﾞｼﾍﾞﾂｲﾝﾁｮｳｶｲﾊﾞﾗ,京都府,亀岡市,東別院町栢原,0,1,0,0,0,0
26206,62101,6210121,ｷｮｳﾄﾌ,ｶﾒｵｶｼ,ﾆｼﾍﾞﾂｲﾝﾁｮｳｵｵﾂｸﾅﾐ,京都府,亀岡市,西別院町大槻並,0,1,0,0,0,0
26206,62101,6210122,ｷｮｳﾄﾌ,ｶﾒｵｶｼ,ﾆｼﾍﾞﾂｲﾝﾁｮｳﾏﾝｶﾞﾝｼﾞ,京都府,亀岡市,西別院町万願寺,0,1,0,0,0,0
26206,62101,6210123,ｷｮｳﾄﾌ,ｶﾒｵｶｼ,ﾆｼﾍﾞﾂｲﾝﾁｮｳﾃﾗﾀﾞ,京都府,亀岡市,西別院町寺田,0,1,0,0,0,0
26206,62101,6210124,ｷｮｳﾄﾌ,ｶﾒｵｶｼ,ﾆｼﾍﾞﾂｲﾝﾁｮｳﾕﾉﾊﾗ,京都府,亀岡市,西別院町柚原,0,1,0,0,0,0
26206,62101,6210125,ｷｮｳﾄﾌ,ｶﾒｵｶｼ,ﾆｼﾍﾞﾂｲﾝﾁｮｳﾜﾛｳｼﾞ,京都府,亀岡市,西別院町笑路,0,1,0,0,0,0
26206,62101,6210126,ｷｮｳﾄﾌ,ｶﾒｵｶｼ,ﾆｼﾍﾞﾂｲﾝﾁｮｳｲﾇｶﾝﾉ,京都府,亀岡市,西別院町犬甘野,0,1,0,0,0,0
26206,62101,6210127,ｷｮｳﾄﾌ,ｶﾒｵｶｼ,ﾆｼﾍﾞﾂｲﾝﾁｮｳｺｳｼﾞ,京都府,亀岡市,西別院町神地,0,1,0,0,0,0
26206,62102,6210231,ｷｮｳﾄﾌ,ｶﾒｵｶｼ,ﾋｶﾞｼﾎﾝﾒﾁｮｳｵｵｳﾁ,京都府,亀岡市,東本梅町大内,0,1,0,0,0,0
26206,62102,6210232,ｷｮｳﾄﾌ,ｶﾒｵｶｼ,ﾋｶﾞｼﾎﾝﾒﾁｮｳﾏﾂｸﾏ,京都府,亀岡市,東本梅町松熊,0,1,0,0,0,0
26206,62102,6210233,ｷｮｳﾄﾌ,ｶﾒｵｶｼ,ﾋｶﾞｼﾎﾝﾒﾁｮｳﾅｶﾉ,京都府,亀岡市,東本梅町中野,0,1,0,0,0,0
26206,62102,6210234,ｷｮｳﾄﾌ,ｶﾒｵｶｼ,ﾋｶﾞｼﾎﾝﾒﾁｮｳｱｶｸﾏ,京都府,亀岡市,東本梅町赤熊,0,1,0,0,0,0
26206,62102,6210235,ｷｮｳﾄﾌ,ｶﾒｵｶｼ,ﾋｶﾞｼﾎﾝﾒﾁｮｳﾋｶﾞｼｵｵﾀﾆ,京都府,亀岡市,東本梅町東大谷,0,1,0,0,0,0
26206,62102,6210241,ｷｮｳﾄﾌ,ｶﾒｵｶｼ,ﾐﾔｻﾞｷﾁｮｳｲﾉｸﾗ,京都府,亀岡市,宮前町猪倉,0,1,0,0,0,0
26206,62102,6210242,ｷｮｳﾄﾌ,ｶﾒｵｶｼ,ﾐﾔｻﾞｷﾁｮｳｺｳｻﾞｷ,京都府,亀岡市,宮前町神前,0,1,0,0,0,0
26206,62102,6210243,ｷｮｳﾄﾌ,ｶﾒｵｶｼ,ﾐﾔｻﾞｷﾁｮｳﾐﾔｶﾞﾜ,京都府,亀岡市,宮前町宮川,0,1,0,0,0,0
26206,62102,6210251,ｷｮｳﾄﾌ,ｶﾒｵｶｼ,ﾎﾝﾒﾁｮｳﾋﾗﾏﾂ,京都府,亀岡市,本梅町平松,0,1,0,0,0,0
26206,62102,6210252,ｷｮｳﾄﾌ,ｶﾒｵｶｼ,ﾎﾝﾒﾁｮｳﾅｶﾉ,京都府,亀岡市,本梅町中野,0,1,0,0,0,0
26206,62102,6210253,ｷｮｳﾄﾌ,ｶﾒｵｶｼ,ﾎﾝﾒﾁｮｳｲﾃﾞ,京都府,亀岡市,本梅町井手,0,1,0,0,0,0
26206,62102,6210254,ｷｮｳﾄﾌ,ｶﾒｵｶｼ,ﾎﾝﾒﾁｮｳﾋｶﾞｼｶﾔ,京都府,亀岡市,本梅町東加舎,0,1,0,0,0,0
26206,62102,6210255,ｷｮｳﾄﾌ,ｶﾒｵｶｼ,ﾎﾝﾒﾁｮｳﾆｼｶﾔ,京都府,亀岡市,本梅町西加舎,0,1,0,0,0,0
26206,62102,6210261,ｷｮｳﾄﾌ,ｶﾒｵｶｼ,ﾊﾀﾉﾁｮｳｾﾝｶﾞﾊﾀ,京都府,亀岡市,畑野町千ケ畑,0,1,0,0,0,0
26206,62102,6210262,ｷｮｳﾄﾌ,ｶﾒｵｶｼ,ﾊﾀﾉﾁｮｳﾋﾛﾉ,京都府,亀岡市,畑野町広野,0,1,0,0,0,0
26206,62102,6210263,ｷｮｳﾄﾌ,ｶﾒｵｶｼ,ﾊﾀﾉﾁｮｳﾄﾞﾝｶﾞﾊﾀ,京都府,亀岡市,畑野町土ケ畑,0,1,0,0,0,0
26206,621  ,6210801,ｷｮｳﾄﾌ,ｶﾒｵｶｼ,ｳﾂﾈﾁｮｳ,京都府,亀岡市,宇津根町,0,1,0,0,0,0
26206,621  ,6210802,ｷｮｳﾄﾌ,ｶﾒｵｶｼ,ｷﾀｶﾜﾗﾏﾁ,京都府,亀岡市,北河原町,0,0,1,0,0,0
26206,621  ,6210803,ｷｮｳﾄﾌ,ｶﾒｵｶｼ,ｶﾜﾗﾏﾁ,京都府,亀岡市,河原町,0,0,0,0,0,0
26206,621  ,6210804,ｷｮｳﾄﾌ,ｶﾒｵｶｼ,ｵｲﾜｹﾁｮｳ,京都府,亀岡市,追分町,0,1,0,0,0,0
26206,621  ,6210805,ｷｮｳﾄﾌ,ｶﾒｵｶｼ,ﾔｽﾏﾁ,京都府,亀岡市,安町,0,1,0,0,0,0
26206,621  ,6210806,ｷｮｳﾄﾌ,ｶﾒｵｶｼ,ｱﾏﾙﾍﾞﾁｮｳ,京都府,亀岡市,余部町,0,1,0,0,0,0
26206,621  ,6210811,ｷｮｳﾄﾌ,ｶﾒｵｶｼ,ｷﾀｺｾﾁｮｳ,京都府,亀岡市,北古世町,0,0,1,0,0,0
26206,621  ,6210812,ｷｮｳﾄﾌ,ｶﾒｵｶｼ,ﾖｺﾁｮｳ,京都府,亀岡市,横町,0,0,0,0,0,0
26206,621  ,6210813,ｷｮｳﾄﾌ,ｶﾒｵｶｼ,ﾂｷﾇｹﾁｮｳ,京都府,亀岡市,突抜町,0,0,0,0,0,0
26206,621  ,6210814,ｷｮｳﾄﾌ,ｶﾒｵｶｼ,ﾐﾔｹﾁｮｳ,京都府,亀岡市,三宅町,0,1,1,0,0,0
26206,621  ,6210815,ｷｮｳﾄﾌ,ｶﾒｵｶｼ,ｺｾﾁｮｳ,京都府,亀岡市,古世町,0,1,1,0,0,0
26206,621  ,6210816,ｷｮｳﾄﾌ,ｶﾒｵｶｼ,ﾋｶﾞｼﾀﾂﾁｮｳ,京都府,亀岡市,東竪町,0,0,0,0,0,0
26206,621  ,6210817,ｷｮｳﾄﾌ,ｶﾒｵｶｼ,ﾆｼﾀﾂﾁｮｳ,京都府,亀岡市,西竪町,0,0,0,0,0,0
26206,621  ,6210818,ｷｮｳﾄﾌ,ｶﾒｵｶｼ,ｷｮｳﾏﾁ,京都府,亀岡市,京町,0,0,0,0,0,0
26206,621  ,6210819,ｷｮｳﾄﾌ,ｶﾒｵｶｼ,ｺﾞﾌｸﾏﾁ,京都府,亀岡市,呉服町,0,0,0,0,0,0
26206,621  ,6210821,ｷｮｳﾄﾌ,ｶﾒｵｶｼ,ｼﾉﾁｮｳｶｾﾊﾞﾗ,京都府,亀岡市,篠町柏原,0,1,0,0,0,0
26206,621  ,6210822,ｷｮｳﾄﾌ,ｶﾒｵｶｼ,ｼﾉﾁｮｳﾉｼﾞｮｳ,京都府,亀岡市,篠町野条,0,1,0,0,0,0
26206,621  ,6210823,ｷｮｳﾄﾌ,ｶﾒｵｶｼ,ｼﾉﾁｮｳｳﾏﾎﾘ,京都府,亀岡市,篠町馬堀,0,1,0,0,0,0
26206,621  ,6210824,ｷｮｳﾄﾌ,ｶﾒｵｶｼ,ｼﾉﾁｮｳﾐﾊﾙ,京都府,亀岡市,篠町見晴,0,0,1,0,0,0
26206,621  ,6210825,ｷｮｳﾄﾌ,ｶﾒｵｶｼ,ｼﾉﾁｮｳﾔﾏﾓﾄ,京都府,亀岡市,篠町山本,0,1,0,0,0,0
26206,621  ,6210826,ｷｮｳﾄﾌ,ｶﾒｵｶｼ,ｼﾉﾁｮｳｼﾉ,京都府,亀岡市,篠町篠,0,1,0,0,0,0
26206,621  ,6210827,ｷｮｳﾄﾌ,ｶﾒｵｶｼ,ｼﾉﾁｮｳｵｳｼﾞ,京都府,亀岡市,篠町王子,0,1,0,0,0,0
26206,621  ,6210828,ｷｮｳﾄﾌ,ｶﾒｵｶｼ,ｼﾉﾁｮｳｳﾏﾎﾘｴｷﾏｴ,京都府,亀岡市,篠町馬堀駅前,0,0,1,0,0,0
26206,621  ,6210829,ｷｮｳﾄﾌ,ｶﾒｵｶｼ,ｼﾉﾁｮｳﾕｳﾋｶﾞｵｶ,京都府,亀岡市,篠町夕日ケ丘,0,0,1,0,0,0
26206,621  ,6210831,ｷｮｳﾄﾌ,ｶﾒｵｶｼ,ｼﾉﾁｮｳﾓﾘ,京都府,亀岡市,篠町森,0,1,0,0,0,0
26206,621  ,6210832,ｷｮｳﾄﾌ,ｶﾒｵｶｼ,ﾋｶﾞｼﾂﾂｼﾞｶﾞｵｶﾐﾔｺﾀﾞｲ,京都府,亀岡市,東つつじケ丘都台,0,0,1,0,0,0
26206,621  ,6210833,ｷｮｳﾄﾌ,ｶﾒｵｶｼ,ﾋｶﾞｼﾂﾂｼﾞｶﾞｵｶｱｹﾎﾞﾉﾀﾞｲ,京都府,亀岡市,東つつじケ丘曙台,0,0,1,0,0,0
26206,621  ,6210834,ｷｮｳﾄﾌ,ｶﾒｵｶｼ,ｼﾉﾁｮｳﾋﾛﾀ,京都府,亀岡市,篠町広田,0,1,1,0,0,0
26206,621  ,6210835,ｷｮｳﾄﾌ,ｶﾒｵｶｼ,ｼﾉﾁｮｳｼﾞｮｳﾎﾞｳｼﾞ,京都府,亀岡市,篠町浄法寺,0,1,0,0,0,0
26206,621  ,6210841,ｷｮｳﾄﾌ,ｶﾒｵｶｼ,ﾆｼﾂﾂｼﾞｶﾞｵｶｻﾂｷﾀﾞｲ,京都府,亀岡市,西つつじケ丘五月台,0,0,1,0,0,0
26206,621  ,6210842,ｷｮｳﾄﾌ,ｶﾒｵｶｼ,ﾆｼﾂﾂｼﾞｶﾞｵｶｳﾝｾﾞﾝﾀﾞｲ,京都府,亀岡市,西つつじケ丘雲仙台,0,0,1,0,0,0
26206,621  ,6210843,ｷｮｳﾄﾌ,ｶﾒｵｶｼ,ﾆｼﾂﾂｼﾞｶﾞｵｶﾀﾞｲｾﾝﾀﾞｲ,京都府,亀岡市,西つつじケ丘大山台,0,0,1,0,0,0
26206,621  ,6210844,ｷｮｳﾄﾌ,ｶﾒｵｶｼ,ﾆｼﾂﾂｼﾞｶﾞｵｶｷﾘｼﾏﾀﾞｲ,京都府,亀岡市,西つつじケ丘霧島台,0,0,1,0,0,0
26206,621  ,6210845,ｷｮｳﾄﾌ,ｶﾒｵｶｼ,ﾆｼﾂﾂｼﾞｶﾞｵｶﾐﾔﾏﾀﾞｲ,京都府,亀岡市,西つつじケ丘美山台,0,0,1,0,0,0
26206,621  ,6210846,ｷｮｳﾄﾌ,ｶﾒｵｶｼ,ﾐﾅﾐﾂﾂｼﾞｶﾞｵｶｵｵﾊﾞﾀﾞｲ,京都府,亀岡市,南つつじケ丘大葉台,0,0,1,0,0,0
26206,621  ,6210847,ｷｮｳﾄﾌ,ｶﾒｵｶｼ,ﾐﾅﾐﾂﾂｼﾞｶﾞｵｶｻｸﾗﾀﾞｲ,京都府,亀岡市,南つつじケ丘桜台,0,0,1,0,0,0
26206,621  ,6210851,ｷｮｳﾄﾌ,ｶﾒｵｶｼ,ｱﾗﾂｶﾁｮｳ,京都府,亀岡市,荒塚町,0,1,1,0,0,0
26206,621  ,6210852,ｷｮｳﾄﾌ,ｶﾒｵｶｼ,ｺﾝﾔﾏﾁ,京都府,亀岡市,紺屋町,0,1,0,0,0,0
26206,621  ,6210853,ｷｮｳﾄﾌ,ｶﾒｵｶｼ,ﾔﾀﾞﾏﾁ,京都府,亀岡市,矢田町,0,0,0,0,0,0
26206,621  ,6210854,ｷｮｳﾄﾌ,ｶﾒｵｶｼ,ｼﾓﾔﾀﾞﾁｮｳ,京都府,亀岡市,下矢田町,0,1,1,0,0,0
26206,621  ,6210855,ｷｮｳﾄﾌ,ｶﾒｵｶｼ,ﾅｶﾔﾀﾞﾁｮｳ,京都府,亀岡市,中矢田町,0,1,0,0,0,0
26206,621  ,6210856,ｷｮｳﾄﾌ,ｶﾒｵｶｼ,ｶﾐﾔﾀﾞﾁｮｳ,京都府,亀岡市,上矢田町,0,1,0,0,0,0
26206,621  ,6210861,ｷｮｳﾄﾌ,ｶﾒｵｶｼ,ｷﾀﾏﾁ,京都府,亀岡市,北町,0,1,0,0,0,0
26206,621  ,6210862,ｷｮｳﾄﾌ,ｶﾒｵｶｼ,ﾆｼﾏﾁ,京都府,亀岡市,西町,0,0,0,0,0,0
26206,621  ,6210863,ｷｮｳﾄﾌ,ｶﾒｵｶｼ,ﾅﾝｺﾞｳﾁｮｳ,京都府,亀岡市,南郷町,0,0,0,0,0,0
26206,621  ,6210864,ｷｮｳﾄﾌ,ｶﾒｵｶｼ,ｳﾁﾏﾙﾁｮｳ,京都府,亀岡市,内丸町,0,0,0,0,0,0
26206,621  ,6210865,ｷｮｳﾄﾌ,ｶﾒｵｶｼ,ｼﾝﾏﾁ,京都府,亀岡市,新町,0,0,0,0,0,0
26206,621  ,6210866,ｷｮｳﾄﾌ,ｶﾒｵｶｼ,ﾊﾀｺﾞﾏﾁ,京都府,亀岡市,旅籠町,0,0,0,0,0,0
26206,621  ,6210867,ｷｮｳﾄﾌ,ｶﾒｵｶｼ,ｼｵﾔﾏﾁ,京都府,亀岡市,塩屋町,0,0,0,0,0,0
26206,621  ,6210868,ｷｮｳﾄﾌ,ｶﾒｵｶｼ,ﾔﾅｷﾞﾏﾁ,京都府,亀岡市,柳町,0,0,0,0,0,0
26206,621  ,6210869,ｷｮｳﾄﾌ,ｶﾒｵｶｼ,ﾎﾝﾏﾁ,京都府,亀岡市,本町,0,1,0,0,0,0
26213,622  ,6220000,ｷｮｳﾄﾌ,ﾅﾝﾀﾝｼ,ｲｶﾆｹｲｻｲｶﾞﾅｲﾊﾞｱｲ,京都府,南丹市,以下に掲載がない場合,0,0,0,0,0,0
26213,622  ,6220001,ｷｮｳﾄﾌ,ﾅﾝﾀﾝｼ,ｿﾉﾍﾞﾁｮｳﾐﾔﾏﾁ,京都府,南丹市,園部町宮町,0,1,0,0,0,0
26213,622  ,6220002,ｷｮｳﾄﾌ,ﾅﾝﾀﾝｼ,ｿﾉﾍﾞﾁｮｳﾐｿﾉﾏﾁ,京都府,南丹市,園部町美園町,0,0,0,0,0,0
26213,622  ,6220003,ｷｮｳﾄﾌ,ﾅﾝﾀﾝｼ,ｿﾉﾍﾞﾁｮｳｼﾝﾏﾁ,京都府,南丹市,園部町新町,0,1,0,0,0,0
26213,622  ,6220004,ｷｮｳﾄﾌ,ﾅﾝﾀﾝｼ,ｿﾉﾍﾞﾁｮｳｺｻﾞｸﾗﾏﾁ,京都府,南丹市,園部町小桜町,0,0,0,0,0,0
26213,622  ,6220011,ｷｮｳﾄﾌ,ﾅﾝﾀﾝｼ,ｿﾉﾍﾞﾁｮｳｶﾐｷｻﾞｷﾏﾁ,京都府,南丹市,園部町上木崎町,0,1,0,0,0,0
26213,622  ,6220012,ｷｮｳﾄﾌ,ﾅﾝﾀﾝｼ,ｿﾉﾍﾞﾁｮｳｳﾁﾊﾞﾔｼﾏﾁ,京都府,南丹市,園部町内林町,0,1,0,0,0,0
26213,622  ,6220013,ｷｮｳﾄﾌ,ﾅﾝﾀﾝｼ,ｿﾉﾍﾞﾁｮｳﾎﾝﾏﾁ,京都府,南丹市,園部町本町,0,0,0,0,0,0
26213,622  ,6220014,ｷｮｳﾄﾌ,ﾅﾝﾀﾝｼ,ｿﾉﾍﾞﾁｮｳｶﾐﾎﾝﾏﾁ,京都府,南丹市,園部町上本町,0,0,0,0,0,0
26213,622  ,6220015,ｷｮｳﾄﾌ,ﾅﾝﾀﾝｼ,ｿﾉﾍﾞﾁｮｳｷｻﾞｷﾏﾁ,京都府,南丹市,園部町木崎町,0,1,0,0,0,0
26213,622  ,6220016,ｷｮｳﾄﾌ,ﾅﾝﾀﾝｼ,ｿﾉﾍﾞﾁｮｳｶﾜﾗﾏﾁ,京都府,南丹市,園部町河原町,0,0,0,0,0,0
26213,622  ,6220017,ｷｮｳﾄﾌ,ﾅﾝﾀﾝｼ,ｿﾉﾍﾞﾁｮｳﾜｶﾏﾂﾁｮｳ,京都府,南丹市,園部町若松町,0,0,0,0,0,0
26213,622  ,6220021,ｷｮｳﾄﾌ,ﾅﾝﾀﾝｼ,ｿﾉﾍﾞﾁｮｳｳﾘｳﾉ,京都府,南丹市,園部町瓜生野,0,1,0,0,0,0
26213,622  ,6220022,ｷｮｳﾄﾌ,ﾅﾝﾀﾝｼ,ｿﾉﾍﾞﾁｮｳｸﾏｻﾞｷ,京都府,南丹市,園部町熊崎,0,1,0,0,0,0
26213,622  ,6220023,ｷｮｳﾄﾌ,ﾅﾝﾀﾝｼ,ｿﾉﾍﾞﾁｮｳｼﾝﾄﾞｳ,京都府,南丹市,園部町新堂,0,1,0,0,0,0
26213,622  ,6220024,ｷｮｳﾄﾌ,ﾅﾝﾀﾝｼ,ｿﾉﾍﾞﾁｮｳｾﾝﾂﾞﾏ,京都府,南丹市,園部町千妻,0,1,0,0,0,0
26213,622  ,6220025,ｷｮｳﾄﾌ,ﾅﾝﾀﾝｼ,ｿﾉﾍﾞﾁｮｳｿｶﾞﾀﾞﾆ,京都府,南丹市,園部町曽我谷,0,1,0,0,0,0
26213,622  ,6220031,ｷｮｳﾄﾌ,ﾅﾝﾀﾝｼ,ｿﾉﾍﾞﾁｮｳﾌﾅｵｶ,京都府,南丹市,園部町船岡,0,1,0,0,0,0
26213,622  ,6220032,ｷｮｳﾄﾌ,ﾅﾝﾀﾝｼ,ｿﾉﾍﾞﾁｮｳﾀｶﾔ,京都府,南丹市,園部町高屋,0,1,0,0,0,0
26213,622  ,6220033,ｷｮｳﾄﾌ,ﾅﾝﾀﾝｼ,ｿﾉﾍﾞﾁｮｳｵｵﾄﾞ,京都府,南丹市,園部町大戸,0,1,0,0,0,0
26213,622  ,6220034,ｷｮｳﾄﾌ,ﾅﾝﾀﾝｼ,ｿﾉﾍﾞﾁｮｳｸﾏﾊﾗ,京都府,南丹市,園部町熊原,0,1,0,0,0,0
26213,622  ,6220035,ｷｮｳﾄﾌ,ﾅﾝﾀﾝｼ,ｿﾉﾍﾞﾁｮｳｻｷﾞﾘ,京都府,南丹市,園部町佐切,0,1,0,0,0,0
26213,622  ,6220036,ｷｮｳﾄﾌ,ﾅﾝﾀﾝｼ,ｿﾉﾍﾞﾁｮｳｵﾁｶﾀ,京都府,南丹市,園部町越方,0,1,0,0,0,0
26213,622  ,6220041,ｷｮｳﾄﾌ,ﾅﾝﾀﾝｼ,ｿﾉﾍﾞﾁｮｳｵﾔﾏﾋｶﾞｼﾏﾁ,京都府,南丹市,園部町小山東町,0,1,0,0,0,0
26213,622  ,6220042,ｷｮｳﾄﾌ,ﾅﾝﾀﾝｼ,ｿﾉﾍﾞﾁｮｳｻｶｴﾏﾁ,京都府,南丹市,園部町栄町,0,0,0,0,0,0
26213,622  ,6220043,ｷｮｳﾄﾌ,ﾅﾝﾀﾝｼ,ｿﾉﾍﾞﾁｮｳｵﾔﾏﾆｼﾏﾁ,京都府,南丹市,園部町小山西町,0,1,0,0,0,0
26213,622  ,6220044,ｷｮｳﾄﾌ,ﾅﾝﾀﾝｼ,ｿﾉﾍﾞﾁｮｳｼﾞｮｳﾅﾝﾏﾁ,京都府,南丹市,園部町城南町,0,1,0,0,0,0
26213,622  ,6220045,ｷｮｳﾄﾌ,ﾅﾝﾀﾝｼ,ｿﾉﾍﾞﾁｮｳﾊﾝﾀﾞ,京都府,南丹市,園部町半田,0,1,0,0,0,0
26213,622  ,6220046,ｷｮｳﾄﾌ,ﾅﾝﾀﾝｼ,ｿﾉﾍﾞﾁｮｳｸﾁｳﾄﾞ,京都府,南丹市,園部町口人,0,1,0,0,0,0
26213,622  ,6220047,ｷｮｳﾄﾌ,ﾅﾝﾀﾝｼ,ｿﾉﾍﾞﾁｮｳｺｳｼ,京都府,南丹市,園部町口司,0,1,0,0,0,0
26213,622  ,6220051,ｷｮｳﾄﾌ,ﾅﾝﾀﾝｼ,ｿﾉﾍﾞﾁｮｳﾖｺﾀ,京都府,南丹市,園部町横田,0,1,0,0,0,0
26213,622  ,6220052,ｷｮｳﾄﾌ,ﾅﾝﾀﾝｼ,ｿﾉﾍﾞﾁｮｳｸﾛﾀﾞ,京都府,南丹市,園部町黒田,0,1,0,0,0,0
26213,622  ,6220053,ｷｮｳﾄﾌ,ﾅﾝﾀﾝｼ,ｿﾉﾍﾞﾁｮｳﾌﾅｻｶ,京都府,南丹市,園部町船阪,0,1,0,0,0,0
26213,622  ,6220054,ｷｮｳﾄﾌ,ﾅﾝﾀﾝｼ,ｿﾉﾍﾞﾁｮｳｵｵﾆｼ,京都府,南丹市,園部町大西,0,1,0,0,0,0
26213,622  ,6220055,ｷｮｳﾄﾌ,ﾅﾝﾀﾝｼ,ｿﾉﾍﾞﾁｮｳｼｼｳﾄﾞ,京都府,南丹市,園部町宍人,0,1,0,0,0,0
26213,622  ,6220056,ｷｮｳﾄﾌ,ﾅﾝﾀﾝｼ,ｿﾉﾍﾞﾁｮｳﾊﾌﾞ,京都府,南丹市,園部町埴生,0,1,0,0,0,0
26213,622  ,6220057,ｷｮｳﾄﾌ,ﾅﾝﾀﾝｼ,ｿﾉﾍﾞﾁｮｳﾄﾉﾀﾞﾆ,京都府,南丹市,園部町殿谷,0,1,0,0,0,0
26213,622  ,6220058,ｷｮｳﾄﾌ,ﾅﾝﾀﾝｼ,ｿﾉﾍﾞﾁｮｳﾜｶﾓﾘ,京都府,南丹市,園部町若森,0,1,0,0,0,0
26213,622  ,6220059,ｷｮｳﾄﾌ,ﾅﾝﾀﾝｼ,ｿﾉﾍﾞﾁｮｳﾐﾅﾐｵｵﾀﾆ,京都府,南丹市,園部町南大谷,0,1,0,0,0,0
26213,622  ,6220061,ｷｮｳﾄﾌ,ﾅﾝﾀﾝｼ,ｿﾉﾍﾞﾁｮｳﾆｴ,京都府,南丹市,園部町仁江,0,1,0,0,0,0
26213,622  ,6220062,ｷｮｳﾄﾌ,ﾅﾝﾀﾝｼ,ｿﾉﾍﾞﾁｮｳﾀｹｲ,京都府,南丹市,園部町竹井,0,1,0,0,0,0
26213,622  ,6220063,ｷｮｳﾄﾌ,ﾅﾝﾀﾝｼ,ｿﾉﾍﾞﾁｮｳｱﾏﾋﾞｷ,京都府,南丹市,園部町天引,0,1,0,0,0,0
26213,622  ,6220064,ｷｮｳﾄﾌ,ﾅﾝﾀﾝｼ,ｿﾉﾍﾞﾁｮｳﾎｳｷｮｳ,京都府,南丹市,園部町法京,0,1,0,0,0,0
26213,622  ,6220065,ｷｮｳﾄﾌ,ﾅﾝﾀﾝｼ,ｿﾉﾍﾞﾁｮｳｵｵｶﾜﾁ,京都府,南丹市,園部町大河内,0,1,0,0,0,0
26213,622  ,6220066,ｷｮｳﾄﾌ,ﾅﾝﾀﾝｼ,ｿﾉﾍﾞﾁｮｳﾐﾅﾐﾊﾂﾀ,京都府,南丹市,園部町南八田,0,1,0,0,0,0
26407,62202,6220200,ｷｮｳﾄﾌ,ﾌﾅｲｸﾞﾝｷｮｳﾀﾝﾊﾞﾁｮｳ,ｲｶﾆｹｲｻｲｶﾞﾅｲﾊﾞｱｲ,京都府,船井郡京丹波町,以下に掲載がない場合,0,0,0,0,0,0
26407,62202,6220201,ｷｮｳﾄﾌ,ﾌﾅｲｸﾞﾝｷｮｳﾀﾝﾊﾞﾁｮｳ,ｼﾓﾔﾏ,京都府,船井郡京丹波町,下山,0,1,0,0,0,0
26407,62202,6220202,ｷｮｳﾄﾌ,ﾌﾅｲｸﾞﾝｷｮｳﾀﾝﾊﾞﾁｮｳ,ｼﾞｯｾ,京都府,船井郡京丹波町,実勢,0,1,0,0,0,0
26407,62202,6220203,ｷｮｳﾄﾌ,ﾌﾅｲｸﾞﾝｷｮｳﾀﾝﾊﾞﾁｮｳ,ﾄﾐﾀ,京都府,船井郡京丹波町,富田,0,1,0,0,0,0
26407,62202,6220211,ｷｮｳﾄﾌ,ﾌﾅｲｸﾞﾝｷｮｳﾀﾝﾊﾞﾁｮｳ,ｳｴﾉ,京都府,船井郡京丹波町,上野,0,1,0,0,0,0
26407,62202,6220212,ｷｮｳﾄﾌ,ﾌﾅｲｸﾞﾝｷｮｳﾀﾝﾊﾞﾁｮｳ,ｲﾁﾓﾘ,京都府,船井郡京丹波町,市森,0,1,0,0,0,0
26407,62202,6220213,ｷｮｳﾄﾌ,ﾌﾅｲｸﾞﾝｷｮｳﾀﾝﾊﾞﾁｮｳ,ｼｭｳﾁ,京都府,船井郡京丹波町,須知,0,1,0,0,0,0
26407,62202,6220214,ｷｮｳﾄﾌ,ﾌﾅｲｸﾞﾝｷｮｳﾀﾝﾊﾞﾁｮｳ,ｺﾓ,京都府,船井郡京丹波町,蒲生,0,1,0,0,0,0
26407,62202,6220221,ｷｮｳﾄﾌ,ﾌﾅｲｸﾞﾝｷｮｳﾀﾝﾊﾞﾁｮｳ,ﾐﾄ,京都府,船井郡京丹波町,水戸,0,1,0,0,0,0
26407,62202,6220222,ｷｮｳﾄﾌ,ﾌﾅｲｸﾞﾝｷｮｳﾀﾝﾊﾞﾁｮｳ,ｼﾝﾐﾄ,京都府,船井郡京丹波町,新水戸,0,1,0,0,0,0
26407,62202,6220223,ｷｮｳﾄﾌ,ﾌﾅｲｸﾞﾝｷｮｳﾀﾝﾊﾞﾁｮｳ,ｸﾁﾊｯﾀ,京都府,船井郡京丹波町,口八田,0,1,0,0,0,0
26407,62202,6220224,ｷｮｳﾄﾌ,ﾌﾅｲｸﾞﾝｷｮｳﾀﾝﾊﾞﾁｮｳ,ﾀｶｵｶ,京都府,船井郡京丹波町,高岡,0,1,0,0,0,0
26407,62202,6220231,ｷｮｳﾄﾌ,ﾌﾅｲｸﾞﾝｷｮｳﾀﾝﾊﾞﾁｮｳ,ﾄﾖﾀ,京都府,船井郡京丹波町,豊田,0,1,0,0,0,0
26407,62202,6220232,ｷｮｳﾄﾌ,ﾌﾅｲｸﾞﾝｷｮｳﾀﾝﾊﾞﾁｮｳ,ｿﾈ,京都府,船井郡京丹波町,曽根,0,1,0,0,0,0
26407,62202,6220233,ｷｮｳﾄﾌ,ﾌﾅｲｸﾞﾝｷｮｳﾀﾝﾊﾞﾁｮｳ,ﾓﾘ,京都府,船井郡京丹波町,森,0,1,0,0,0,0
26407,62202,6220234,ｷｮｳﾄﾌ,ﾌﾅｲｸﾞﾝｷｮｳﾀﾝﾊﾞﾁｮｳ,ｼｵﾀﾀﾞﾆ,京都府,船井郡京丹波町,塩田谷,0,1,0,0,0,0
26407,62202,6220235,ｷｮｳﾄﾌ,ﾌﾅｲｸﾞﾝｷｮｳﾀﾝﾊﾞﾁｮｳ,ﾔｽｲ,京都府,船井郡京丹波町,安井,0,1,0,0,0,0
26407,62202,6220236,ｷｮｳﾄﾌ,ﾌﾅｲｸﾞﾝｷｮｳﾀﾝﾊﾞﾁｮｳ,ｲﾝﾅｲ,京都府,船井郡京丹波町,院内,0,1,0,0,0,0
26407,62203,6220301,ｷｮｳﾄﾌ,ﾌﾅｲｸﾞﾝｷｮｳﾀﾝﾊﾞﾁｮｳ,ｱﾜﾉ,京都府,船井郡京丹波町,粟野,0,1,0,0,0,0
26407,62203,6220302,ｷｮｳﾄﾌ,ﾌﾅｲｸﾞﾝｷｮｳﾀﾝﾊﾞﾁｮｳ,ﾐｮｳﾗｸｼﾞ,京都府,船井郡京丹波町,妙楽寺,0,1,0,0,0,0
26407,62203,6220303,ｷｮｳﾄﾌ,ﾌﾅｲｸﾞﾝｷｮｳﾀﾝﾊﾞﾁｮｳ,ｻﾝﾉﾐﾔ,京都府,船井郡京丹波町,三ノ宮,0,1,0,0,0,0
26407,62203,6220304,ｷｮｳﾄﾌ,ﾌﾅｲｸﾞﾝｷｮｳﾀﾝﾊﾞﾁｮｳ,ｲﾉﾊﾅ,京都府,船井郡京丹波町,猪鼻,0,1,0,0,0,0
26407,62203,6220311,ｷｮｳﾄﾌ,ﾌﾅｲｸﾞﾝｷｮｳﾀﾝﾊﾞﾁｮｳ,ﾜﾀﾞ,京都府,船井郡京丹波町,和田,0,1,0,0,0,0
26407,62203,6220312,ｷｮｳﾄﾌ,ﾌﾅｲｸﾞﾝｷｮｳﾀﾝﾊﾞﾁｮｳ,ｲﾜｷ,京都府,船井郡京丹波町,井脇,0,1,0,0,0,0
26407,62203,6220313,ｷｮｳﾄﾌ,ﾌﾅｲｸﾞﾝｷｮｳﾀﾝﾊﾞﾁｮｳ,ﾎｲﾀﾞﾆ,京都府,船井郡京丹波町,保井谷,0,1,0,0,0,0
26407,62203,6220314,ｷｮｳﾄﾌ,ﾌﾅｲｸﾞﾝｷｮｳﾀﾝﾊﾞﾁｮｳ,ﾐｽﾞﾉﾐ,京都府,船井郡京丹波町,水呑,0,1,0,0,0,0
26407,62203,6220315,ｷｮｳﾄﾌ,ﾌﾅｲｸﾞﾝｷｮｳﾀﾝﾊﾞﾁｮｳ,ｼｽﾞｼ,京都府,船井郡京丹波町,質志,0,1,0,0,0,0
26407,62203,6220316,ｷｮｳﾄﾌ,ﾌﾅｲｸﾞﾝｷｮｳﾀﾝﾊﾞﾁｮｳ,ﾄﾂｶﾜ,京都府,船井郡京丹波町,戸津川,0,1,0,0,0,0
26407,62203,6220321,ｷｮｳﾄﾌ,ﾌﾅｲｸﾞﾝｷｮｳﾀﾝﾊﾞﾁｮｳ,ﾊｼﾂﾞﾒ,京都府,船井郡京丹波町,橋爪,0,1,0,0,0,0
26407,62203,6220322,ｷｮｳﾄﾌ,ﾌﾅｲｸﾞﾝｷｮｳﾀﾝﾊﾞﾁｮｳ,ｵﾎﾞｿ,京都府,船井郡京丹波町,大朴,0,1,0,0,0,0
26407,62203,6220323,ｷｮｳﾄﾌ,ﾌﾅｲｸﾞﾝｷｮｳﾀﾝﾊﾞﾁｮｳ,ｲｼﾞﾘ,京都府,船井郡京丹波町,井尻,0,1,0,0,0,0
26407,62203,6220324,ｷｮｳﾄﾌ,ﾌﾅｲｸﾞﾝｷｮｳﾀﾝﾊﾞﾁｮｳ,ﾊｯﾀ,京都府,船井郡京丹波町,八田,0,1,0,0,0,0
26407,62203,6220325,ｷｮｳﾄﾌ,ﾌﾅｲｸﾞﾝｷｮｳﾀﾝﾊﾞﾁｮｳ,ｺﾉ,京都府,船井郡京丹波町,小野,0,1,0,0,0,0
26407,62203,6220331,ｷｮｳﾄﾌ,ﾌﾅｲｸﾞﾝｷｮｳﾀﾝﾊﾞﾁｮｳ,ﾁｭｳﾀﾞｲ,京都府,船井郡京丹波町,中台,0,0,0,0,0,0
26407,62203,6220332,ｷｮｳﾄﾌ,ﾌﾅｲｸﾞﾝｷｮｳﾀﾝﾊﾞﾁｮｳ,ｼﾂﾐ,京都府,船井郡京丹波町,質美,0,1,0,0,0,0
26407,62204,6220441,ｷｮｳﾄﾌ,ﾌﾅｲｸﾞﾝｷｮｳﾀﾝﾊﾞﾁｮｳ,ｻｶｲ,京都府,船井郡京丹波町,坂井,0,1,0,0,0,0
26407,62204,6220442,ｷｮｳﾄﾌ,ﾌﾅｲｸﾞﾝｷｮｳﾀﾝﾊﾞﾁｮｳ,ｶﾏﾀﾞﾆｼﾓ,京都府,船井郡京丹波町,鎌谷下,0,1,0,0,0,0
26407,62204,6220443,ｷｮｳﾄﾌ,ﾌﾅｲｸﾞﾝｷｮｳﾀﾝﾊﾞﾁｮｳ,ﾋｶﾞｼﾏﾀ,京都府,船井郡京丹波町,東又,0,1,0,0,0,0
26407,62204,6220444,ｷｮｳﾄﾌ,ﾌﾅｲｸﾞﾝｷｮｳﾀﾝﾊﾞﾁｮｳ,ｶﾏﾀﾞﾆﾅｶ,京都府,船井郡京丹波町,鎌谷中,0,1,0,0,0,0
26407,62204,6220445,ｷｮｳﾄﾌ,ﾌﾅｲｸﾞﾝｷｮｳﾀﾝﾊﾞﾁｮｳ,ｶﾏﾀﾞﾆｵｸ,京都府,船井郡京丹波町,鎌谷奥,0,1,0,0,0,0
26407,62204,6220451,ｷｮｳﾄﾌ,ﾌﾅｲｸﾞﾝｷｮｳﾀﾝﾊﾞﾁｮｳ,ｼﾓｵｵｸﾎﾞ,京都府,船井郡京丹波町,下大久保,0,1,0,0,0,0
26407,62204,6220452,ｷｮｳﾄﾌ,ﾌﾅｲｸﾞﾝｷｮｳﾀﾝﾊﾞﾁｮｳ,ｶﾐｵｵｸﾎﾞ,京都府,船井郡京丹波町,上大久保,0,1,0,0,0,0
26407,62204,6220453,ｷｮｳﾄﾌ,ﾌﾅｲｸﾞﾝｷｮｳﾀﾝﾊﾞﾁｮｳ,ﾐｽﾞﾊﾗ,京都府,船井郡京丹波町,水原,0,1,0,0,0,0
26203,623  ,6230000,ｷｮｳﾄﾌ,ｱﾔﾍﾞｼ,ｲｶﾆｹｲｻｲｶﾞﾅｲﾊﾞｱｲ,京都府,綾部市,以下に掲載がない場合,0,0,0,0,0,0
26203,623  ,6230001,ｷｮｳﾄﾌ,ｱﾔﾍﾞｼ,ｵﾛﾁｮｳ,京都府,綾部市,小呂町,0,0,0,0,0,0
26203,623  ,6230002,ｷｮｳﾄﾌ,ｱﾔﾍﾞｼ,ﾀｶｸﾗﾁｮｳ,京都府,綾部市,高倉町,0,0,0,0,0,0
26203,623  ,6230003,ｷｮｳﾄﾌ,ｱﾔﾍﾞｼ,ｼﾛﾔﾏﾁｮｳ,京都府,綾部市,城山町,0,0,0,0,0,0
26203,623  ,6230004,ｷｮｳﾄﾌ,ｱﾔﾍﾞｼ,ﾀﾀﾞﾁｮｳ,京都府,綾部市,多田町,0,0,0,0,0,0
26203,623  ,6230005,ｷｮｳﾄﾌ,ｱﾔﾍﾞｼ,ｻﾄﾁｮｳ,京都府,綾部市,里町,0,0,0,0,0,0
26203,623  ,6230006,ｷｮｳﾄﾌ,ｱﾔﾍﾞｼ,ｱﾘｵｶﾁｮｳ,京都府,綾部市,有岡町,0,0,0,0,0,0
26203,623  ,6230007,ｷｮｳﾄﾌ,ｱﾔﾍﾞｼ,ﾎｼﾊﾞﾗﾁｮｳ,京都府,綾部市,星原町,0,0,0,0,0,0
26203,623  ,6230008,ｷｮｳﾄﾌ,ｱﾔﾍﾞｼ,ｻｸﾗｶﾞｵｶ,京都府,綾部市,桜が丘,0,0,1,0,0,0
26203,623  ,6230011,ｷｮｳﾄﾌ,ｱﾔﾍﾞｼ,ｱｵﾉﾁｮｳ,京都府,綾部市,青野町,0,0,0,0,0,0
26203,623  ,6230012,ｷｮｳﾄﾌ,ｱﾔﾍﾞｼ,ｶﾜｲﾄﾁｮｳ,京都府,綾部市,川糸町,0,0,0,0,0,0
26203,623  ,6230013,ｷｮｳﾄﾌ,ｱﾔﾍﾞｼ,ｱﾔﾅｶﾁｮｳ,京都府,綾部市,綾中町,0,0,0,0,0,0
26203,623  ,6230014,ｷｮｳﾄﾌ,ｱﾔﾍﾞｼ,ﾜｶﾀｹﾁｮｳ,京都府,綾部市,若竹町,0,0,0,0,0,0
26203,623  ,6230015,ｷｮｳﾄﾌ,ｱﾔﾍﾞｼ,ﾜｶﾏﾂﾁｮｳ,京都府,綾部市,若松町,0,0,0,0,0,0
26203,623  ,6230016,ｷｮｳﾄﾌ,ｱﾔﾍﾞｼ,ﾆｼﾏﾁ,京都府,綾部市,西町,0,0,1,0,0,0
26203,623  ,6230021,ｷｮｳﾄﾌ,ｱﾔﾍﾞｼ,ﾎﾝﾏﾁ,京都府,綾部市,本町,0,0,1,0,0,0
26203,623  ,6230022,ｷｮｳﾄﾌ,ｱﾔﾍﾞｼ,ｼﾝｸﾞｳﾁｮｳ,京都府,綾部市,新宮町,0,0,0,0,0,0
26203,623  ,6230023,ｷｮｳﾄﾌ,ｱﾔﾍﾞｼ,ｼﾝﾏﾁ,京都府,綾部市,新町,0,0,0,0,0,0
26203,623  ,6230024,ｷｮｳﾄﾌ,ｱﾔﾍﾞｼ,ﾀﾏﾁ,京都府,綾部市,田町,0,0,0,0,0,0
26203,623  ,6230025,ｷｮｳﾄﾌ,ｱﾔﾍﾞｼ,ﾂｷﾐﾁｮｳ,京都府,綾部市,月見町,0,0,0,0,0,0
26203,623  ,6230026,ｷｮｳﾄﾌ,ｱﾔﾍﾞｼ,ｼﾞﾝｸﾞｳｼﾞﾁｮｳ,京都府,綾部市,神宮寺町,0,0,0,0,0,0
26203,623  ,6230031,ｷｮｳﾄﾌ,ｱﾔﾍﾞｼ,ﾐｶﾀﾁｮｳ,京都府,綾部市,味方町,0,0,0,0,0,0
26203,623  ,6230032,ｷｮｳﾄﾌ,ｱﾔﾍﾞｼ,ﾉﾀﾞﾁｮｳ,京都府,綾部市,野田町,0,0,0,0,0,0
26203,623  ,6230033,ｷｮｳﾄﾌ,ｱﾔﾍﾞｼ,ﾃﾗﾏﾁ,京都府,綾部市,寺町,0,0,0,0,0,0
26203,623  ,6230034,ｷｮｳﾄﾌ,ｱﾔﾍﾞｼ,ﾀﾉﾁｮｳ,京都府,綾部市,田野町,0,0,0,0,0,0
26203,623  ,6230035,ｷｮｳﾄﾌ,ｱﾔﾍﾞｼ,ｳｴﾉﾁｮｳ,京都府,綾部市,上野町,0,0,0,0,0,0
26203,623  ,6230036,ｷｮｳﾄﾌ,ｱﾔﾍﾞｼ,ﾎﾝｸﾞｳﾁｮｳ,京都府,綾部市,本宮町,0,0,0,0,0,0
26203,623  ,6230037,ｷｮｳﾄﾌ,ｱﾔﾍﾞｼ,ﾅﾝﾏﾂﾁｮｳ,京都府,綾部市,並松町,0,0,0,0,0,0
26203,623  ,6230041,ｷｮｳﾄﾌ,ｱﾔﾍﾞｼ,ﾉﾌﾞﾁｮｳ,京都府,綾部市,延町,0,0,0,0,0,0
26203,623  ,6230042,ｷｮｳﾄﾌ,ｱﾔﾍﾞｼ,ｵｶﾁｮｳ,京都府,綾部市,岡町,0,0,0,0,0,0
26203,623  ,6230043,ｷｮｳﾄﾌ,ｱﾔﾍﾞｼ,ｳﾜﾉﾌﾞﾁｮｳ,京都府,綾部市,上延町,0,0,0,0,0,0
26203,623  ,6230044,ｷｮｳﾄﾌ,ｱﾔﾍﾞｼ,ﾔｽﾊﾞﾁｮｳ,京都府,綾部市,安場町,0,0,0,0,0,0
26203,623  ,6230045,ｷｮｳﾄﾌ,ｱﾔﾍﾞｼ,ﾀｶﾂﾁｮｳ,京都府,綾部市,高津町,0,0,0,0,0,0
26203,623  ,6230046,ｷｮｳﾄﾌ,ｱﾔﾍﾞｼ,ｵｵｼﾏﾁｮｳ,京都府,綾部市,大島町,0,0,0,0,0,0
26203,623  ,6230051,ｷｮｳﾄﾌ,ｱﾔﾍﾞｼ,ｲﾉｸﾗｼﾝﾏﾁ,京都府,綾部市,井倉新町,0,0,0,0,0,0
26203,623  ,6230052,ｷｮｳﾄﾌ,ｱﾔﾍﾞｼ,ｻｲﾜｲﾄﾞｵﾘ,京都府,綾部市,幸通,0,0,0,0,0,0
26203,623  ,6230053,ｷｮｳﾄﾌ,ｱﾔﾍﾞｼ,ﾐﾔｼﾛﾁｮｳ,京都府,綾部市,宮代町,0,0,0,0,0,0
26203,623  ,6230054,ｷｮｳﾄﾌ,ｱﾔﾍﾞｼ,ｲﾉｸﾗﾁｮｳ,京都府,綾部市,井倉町,0,0,0,0,0,0
26203,623  ,6230061,ｷｮｳﾄﾌ,ｱﾔﾍﾞｼ,ﾃﾝｼﾞﾝﾁｮｳ,京都府,綾部市,天神町,0,0,0,0,0,0
26203,623  ,6230062,ｷｮｳﾄﾌ,ｱﾔﾍﾞｼ,ｱｲｵｲﾁｮｳ,京都府,綾部市,相生町,0,0,0,0,0,0
26203,623  ,6230063,ｷｮｳﾄﾌ,ｱﾔﾍﾞｼ,ﾋﾛｺｳｼﾞ,京都府,綾部市,広小路,0,0,1,0,0,0
26203,623  ,6230064,ｷｮｳﾄﾌ,ｱﾔﾍﾞｼ,ﾅｶﾉﾁｮｳ,京都府,綾部市,中ノ町,0,0,1,0,0,0
26203,623  ,6230065,ｷｮｳﾄﾌ,ｱﾔﾍﾞｼ,ﾆｼｼﾝﾏﾁ,京都府,綾部市,西新町,0,0,0,0,0,0
26203,623  ,6230066,ｷｮｳﾄﾌ,ｱﾔﾍﾞｼ,ｴｷﾏｴﾄﾞｵﾘ,京都府,綾部市,駅前通,0,0,0,0,0,0
26203,62301,6230101,ｷｮｳﾄﾌ,ｱﾔﾍﾞｼ,ｵﾖｷﾞﾁｮｳ,京都府,綾部市,於与岐町,0,0,0,0,0,0
26203,62301,6230102,ｷｮｳﾄﾌ,ｱﾔﾍﾞｼ,ｳｴｽｷﾞﾁｮｳ,京都府,綾部市,上杉町,0,0,0,0,0,0
26203,62301,6230103,ｷｮｳﾄﾌ,ｱﾔﾍﾞｼ,ｳﾒｻﾞｺﾁｮｳ,京都府,綾部市,梅迫町,0,0,0,0,0,0
26203,62301,6230104,ｷｮｳﾄﾌ,ｱﾔﾍﾞｼ,ｱﾝｺｸｼﾞﾁｮｳ,京都府,綾部市,安国寺町,0,0,0,0,0,0
26203,62301,6230105,ｷｮｳﾄﾌ,ｱﾔﾍﾞｼ,ﾅｶﾔﾏﾁｮｳ,京都府,綾部市,中山町,0,0,0,0,0,0
26203,62301,6230106,ｷｮｳﾄﾌ,ｱﾔﾍﾞｼ,ﾀｶﾂｷﾁｮｳ,京都府,綾部市,高槻町,0,0,0,0,0,0
26203,62301,6230107,ｷｮｳﾄﾌ,ｱﾔﾍﾞｼ,ﾔｼﾛﾁｮｳ,京都府,綾部市,八代町,0,0,0,0,0,0
26203,62301,6230108,ｷｮｳﾄﾌ,ｱﾔﾍﾞｼ,ｸﾛﾀﾆﾁｮｳ,京都府,綾部市,黒谷町,0,0,0,0,0,0
26203,62301,6230111,ｷｮｳﾄﾌ,ｱﾔﾍﾞｼ,ｼﾁﾋｬｸｺｸﾁｮｳ,京都府,綾部市,七百石町,0,0,0,0,0,0
26203,62301,6230112,ｷｮｳﾄﾌ,ｱﾔﾍﾞｼ,ｶﾐﾔﾀﾁｮｳ,京都府,綾部市,上八田町,0,0,0,0,0,0
26203,62301,6230113,ｷｮｳﾄﾌ,ｱﾔﾍﾞｼ,ﾅｶｽｼﾞﾁｮｳ,京都府,綾部市,中筋町,0,0,0,0,0,0
26203,62301,6230114,ｷｮｳﾄﾌ,ｱﾔﾍﾞｼ,ｵｶﾔｽﾁｮｳ,京都府,綾部市,岡安町,0,0,0,0,0,0
26203,62301,6230115,ｷｮｳﾄﾌ,ｱﾔﾍﾞｼ,ﾌﾁｶﾞｷﾁｮｳ,京都府,綾部市,渕垣町,0,0,0,0,0,0
26203,62301,6230116,ｷｮｳﾄﾌ,ｱﾔﾍﾞｼ,ｼﾓﾔﾀﾁｮｳ,京都府,綾部市,下八田町,0,0,0,0,0,0
26203,62301,6230117,ｷｮｳﾄﾌ,ｱﾔﾍﾞｼ,ﾄﾖｻｶﾁｮｳ,京都府,綾部市,とよさか町,0,0,0,0,0,0
26203,62302,6230221,ｷｮｳﾄﾌ,ｱﾔﾍﾞｼ,ｲﾃﾞﾝﾁｮｳ,京都府,綾部市,位田町,0,0,0,0,0,0
26203,62302,6230222,ｷｮｳﾄﾌ,ｱﾔﾍﾞｼ,ｸﾘﾁｮｳ,京都府,綾部市,栗町,0,0,0,0,0,0
26203,62302,6230223,ｷｮｳﾄﾌ,ｱﾔﾍﾞｼ,ﾄﾖｻﾄﾁｮｳ,京都府,綾部市,豊里町,0,0,0,0,0,0
26203,62302,6230224,ｷｮｳﾄﾌ,ｱﾔﾍﾞｼ,ｲｼﾜﾗﾁｮｳ,京都府,綾部市,石原町,0,0,0,0,0,0
26203,62302,6230225,ｷｮｳﾄﾌ,ｱﾔﾍﾞｼ,ｵｶﾞｲﾁｮｳ,京都府,綾部市,小貝町,0,0,0,0,0,0
26203,62302,6230226,ｷｮｳﾄﾌ,ｱﾔﾍﾞｼ,ｷｻｲﾁﾁｮｳ,京都府,綾部市,私市町,0,0,0,0,0,0
26203,62302,6230231,ｷｮｳﾄﾌ,ｱﾔﾍﾞｼ,ｵｵﾊﾞﾀｹﾁｮｳ,京都府,綾部市,大畠町,0,0,0,0,0,0
26203,62302,6230232,ｷｮｳﾄﾌ,ｱﾔﾍﾞｼ,ﾀﾁﾁｮｳ,京都府,綾部市,舘町,0,0,0,0,0,0
26203,62302,6230233,ｷｮｳﾄﾌ,ｱﾔﾍﾞｼ,ｲﾏﾀﾞﾁｮｳ,京都府,綾部市,今田町,0,0,0,0,0,0
26203,62302,6230234,ｷｮｳﾄﾌ,ｱﾔﾍﾞｼ,ｺﾆｼﾁｮｳ,京都府,綾部市,小西町,0,0,0,0,0,0
26203,62302,6230235,ｷｮｳﾄﾌ,ｱﾔﾍﾞｼ,ｶｼﾞﾔﾁｮｳ,京都府,綾部市,鍛治屋町,0,0,0,0,0,0
26203,62302,6230236,ｷｮｳﾄﾌ,ｱﾔﾍﾞｼ,ｵﾊﾞﾀﾁｮｳ,京都府,綾部市,小畑町,0,0,0,0,0,0
26203,62303,6230341,ｷｮｳﾄﾌ,ｱﾔﾍﾞｼ,ｳﾁｸﾞｲﾁｮｳ,京都府,綾部市,内久井町,0,0,0,0,0,0
26203,62303,6230342,ｷｮｳﾄﾌ,ｱﾔﾍﾞｼ,ｶﾈｺﾞﾁﾁｮｳ,京都府,綾部市,金河内町,0,0,0,0,0,0
26203,62303,6230343,ｷｮｳﾄﾌ,ｱﾔﾍﾞｼ,ｼｶﾞｻﾄﾁｮｳ,京都府,綾部市,志賀郷町,0,0,0,0,0,0
26203,62303,6230344,ｷｮｳﾄﾌ,ｱﾔﾍﾞｼ,ﾆｼｶﾞﾀﾁｮｳ,京都府,綾部市,西方町,0,0,0,0,0,0
26203,62303,6230345,ｷｮｳﾄﾌ,ｱﾔﾍﾞｼ,ﾆﾜﾁｮｳ,京都府,綾部市,仁和町,0,0,0,0,0,0
26203,62303,6230346,ｷｮｳﾄﾌ,ｱﾔﾍﾞｼ,ﾎﾞｳｸﾞﾁﾁｮｳ,京都府,綾部市,坊口町,0,0,0,0,0,0
26203,62303,6230351,ｷｮｳﾄﾌ,ｱﾔﾍﾞｼ,ｼﾉﾀﾞﾁｮｳ,京都府,綾部市,篠田町,0,0,0,0,0,0
26203,62303,6230352,ｷｮｳﾄﾌ,ｱﾔﾍﾞｼ,ﾑｺｳﾀﾞﾁｮｳ,京都府,綾部市,向田町,0,0,0,0,0,0
26203,62303,6230353,ｷｮｳﾄﾌ,ｱﾔﾍﾞｼ,ﾍﾞｯｼﾖﾁｮｳ,京都府,綾部市,別所町,0,0,0,0,0,0
26203,62303,6230361,ｷｮｳﾄﾌ,ｱﾔﾍﾞｼ,ﾊｿｳｼﾞﾁｮｳ,京都府,綾部市,白道路町,0,0,0,0,0,0
26203,62303,6230362,ｷｮｳﾄﾌ,ｱﾔﾍﾞｼ,ﾓﾉﾍﾞﾁｮｳ,京都府,綾部市,物部町,0,0,0,0,0,0
26203,62303,6230363,ｷｮｳﾄﾌ,ｱﾔﾍﾞｼ,ｼﾝｼﾞｮｳﾁｮｳ,京都府,綾部市,新庄町,0,0,0,0,0,0
26203,62303,6230364,ｷｮｳﾄﾌ,ｱﾔﾍﾞｼ,ﾆｼｻﾞｶﾁｮｳ,京都府,綾部市,西坂町,0,0,0,0,0,0
26203,62311,6231121,ｷｮｳﾄﾌ,ｱﾔﾍﾞｼ,ﾑﾂｱｲﾁｮｳ,京都府,綾部市,睦合町,0,0,0,0,0,0
26203,62311,6231122,ｷｮｳﾄﾌ,ｱﾔﾍﾞｼ,ﾔﾂｱｲﾁｮｳ,京都府,綾部市,八津合町,0,0,0,0,0,0
26203,62311,6231123,ｷｮｳﾄﾌ,ｱﾔﾍﾞｼ,ｲﾂｱｲﾁｮｳ,京都府,綾部市,五津合町,0,0,0,0,0,0
26203,62311,6231124,ｷｮｳﾄﾌ,ｱﾔﾍﾞｼ,ｲｲｽﾞﾐﾁｮｳ,京都府,綾部市,五泉町,0,0,0,0,0,0
26203,62311,6231131,ｷｮｳﾄﾌ,ｱﾔﾍﾞｼ,ﾑﾂﾖﾘﾁｮｳ,京都府,綾部市,睦寄町,0,0,0,0,0,0
26203,62311,6231132,ｷｮｳﾄﾌ,ｱﾔﾍﾞｼ,ｺﾔｵｶﾁｮｳ,京都府,綾部市,故屋岡町,0,0,0,0,0,0
26203,62311,6231133,ｷｮｳﾄﾌ,ｱﾔﾍﾞｼ,ﾐﾂﾉﾁｮｳ,京都府,綾部市,光野町,0,0,0,0,0,0
26203,62311,6231134,ｷｮｳﾄﾌ,ｱﾔﾍﾞｼ,ｵｲﾄﾐﾁｮｳ,京都府,綾部市,老富町,0,0,0,0,0,0
26202,62401,6240101,ｷｮｳﾄﾌ,ﾏｲﾂﾞﾙｼ,ｵｵｶﾜ,京都府,舞鶴市,大川,0,0,0,0,0,0
26202,62401,6240102,ｷｮｳﾄﾌ,ﾏｲﾂﾞﾙｼ,ｼﾀﾞｶ,京都府,舞鶴市,志高,0,0,0,0,0,0
26202,62401,6240103,ｷｮｳﾄﾌ,ﾏｲﾂﾞﾙｼ,ｸﾀﾐ,京都府,舞鶴市,久田美,0,0,0,0,0,0
26202,62401,6240111,ｷｮｳﾄﾌ,ﾏｲﾂﾞﾙｼ,ﾅｶﾞﾀﾆ,京都府,舞鶴市,長谷,0,0,0,0,0,0
26202,62401,6240112,ｷｮｳﾄﾌ,ﾏｲﾂﾞﾙｼ,ｶﾐｳﾙｼﾊﾞﾗ,京都府,舞鶴市,上漆原,0,0,0,0,0,0
26202,62401,6240113,ｷｮｳﾄﾌ,ﾏｲﾂﾞﾙｼ,ｼﾓｳﾙｼﾊﾞﾗ,京都府,舞鶴市,下漆原,0,0,0,0,0,0
26202,62401,6240114,ｷｮｳﾄﾌ,ﾏｲﾂﾞﾙｼ,ｼﾓﾐﾀﾞﾆ,京都府,舞鶴市,下見谷,0,0,0,0,0,0
26202,62401,6240115,ｷｮｳﾄﾌ,ﾏｲﾂﾞﾙｼ,ｺｳﾗ,京都府,舞鶴市,河原,0,0,0,0,0,0
26202,62401,6240116,ｷｮｳﾄﾌ,ﾏｲﾂﾞﾙｼ,ﾌﾑﾛ,京都府,舞鶴市,富室,0,0,0,0,0,0
26202,62401,6240117,ｷｮｳﾄﾌ,ﾏｲﾂﾞﾙｼ,ｵｶﾀﾞﾕﾘ,京都府,舞鶴市,岡田由里,0,0,0,0,0,0
26202,62401,6240118,ｷｮｳﾄﾌ,ﾏｲﾂﾞﾙｼ,ｻｲﾎｳｼﾞ,京都府,舞鶴市,西方寺,0,0,0,0,0,0
26202,62401,6240121,ｷｮｳﾄﾌ,ﾏｲﾂﾞﾙｼ,ﾀｷｶﾞｳﾛ,京都府,舞鶴市,滝ケ宇呂,0,0,0,0,0,0
26202,62401,6240122,ｷｮｳﾄﾌ,ﾏｲﾂﾞﾙｼ,ｼﾞﾄｳ,京都府,舞鶴市,地頭,0,0,0,0,0,0
26202,62401,6240123,ｷｮｳﾄﾌ,ﾏｲﾂﾞﾙｼ,ｵｵﾏﾀ,京都府,舞鶴市,大俣,0,0,0,0,0,0
26202,62401,6240124,ｷｮｳﾄﾌ,ﾏｲﾂﾞﾙｼ,ｸﾜｶﾞｲｼﾓ,京都府,舞鶴市,桑飼下,0,0,0,0,0,0
26202,62401,6240125,ｷｮｳﾄﾌ,ﾏｲﾂﾞﾙｼ,ｸﾜｶﾞｲｶﾐ,京都府,舞鶴市,桑飼上,0,0,0,0,0,0
26202,624  ,6240801,ｷｮｳﾄﾌ,ﾏｲﾂﾞﾙｼ,ﾃﾗﾀﾞ,京都府,舞鶴市,寺田,0,0,0,0,0,0
26202,624  ,6240802,ｷｮｳﾄﾌ,ﾏｲﾂﾞﾙｼ,ｳｴﾈ,京都府,舞鶴市,上根,0,0,0,0,0,0
26202,624  ,6240803,ｷｮｳﾄﾌ,ﾏｲﾂﾞﾙｼ,ｼﾗﾀｷ,京都府,舞鶴市,白滝,0,0,0,0,0,0
26202,624  ,6240804,ｷｮｳﾄﾌ,ﾏｲﾂﾞﾙｼ,ｷｼﾀﾞﾆ,京都府,舞鶴市,岸谷,0,0,0,0,0,0
26202,624  ,6240805,ｷｮｳﾄﾌ,ﾏｲﾂﾞﾙｼ,ﾍﾞｯｼﾖ,京都府,舞鶴市,別所,0,0,0,0,0,0
26202,624  ,6240806,ｷｮｳﾄﾌ,ﾏｲﾂﾞﾙｼ,ﾇﾉｼｷ,京都府,舞鶴市,布敷,0,0,0,0,0,0
26202,624  ,6240811,ｷｮｳﾄﾌ,ﾏｲﾂﾞﾙｼ,ｲｹﾉｳﾁｼﾓ,京都府,舞鶴市,池ノ内下,0,0,0,0,0,0
26202,624  ,6240812,ｷｮｳﾄﾌ,ﾏｲﾂﾞﾙｼ,ﾎﾘ,京都府,舞鶴市,堀,0,0,0,0,0,0
26202,624  ,6240813,ｷｮｳﾄﾌ,ﾏｲﾂﾞﾙｼ,ｲﾏﾀﾞ,京都府,舞鶴市,今田,0,0,0,0,0,0
26202,624  ,6240814,ｷｮｳﾄﾌ,ﾏｲﾂﾞﾙｼ,ﾏﾝｶﾞﾝｼﾞ,京都府,舞鶴市,万願寺,0,0,0,0,0,0
26202,624  ,6240815,ｷｮｳﾄﾌ,ﾏｲﾂﾞﾙｼ,ｻｶｲﾀﾞﾆ,京都府,舞鶴市,境谷,0,0,0,0,0,0
26202,624  ,6240816,ｷｮｳﾄﾌ,ﾏｲﾂﾞﾙｼ,ｲｻﾂﾞ,京都府,舞鶴市,伊佐津,0,0,0,0,0,0
26202,624  ,6240821,ｷｮｳﾄﾌ,ﾏｲﾂﾞﾙｼ,ｸﾓﾝﾅ,京都府,舞鶴市,公文名,0,0,0,0,0,0
26202,624  ,6240822,ｷｮｳﾄﾌ,ﾏｲﾂﾞﾙｼ,ﾅﾇｶｲﾁ,京都府,舞鶴市,七日市,0,0,0,0,0,0
26202,624  ,6240823,ｷｮｳﾄﾌ,ﾏｲﾂﾞﾙｼ,ｷｮｳﾀﾞ,京都府,舞鶴市,京田,0,0,0,0,0,0
26202,624  ,6240824,ｷｮｳﾄﾌ,ﾏｲﾂﾞﾙｼ,ﾏｸﾞﾗ,京都府,舞鶴市,真倉,0,0,0,0,0,0
26202,624  ,6240825,ｷｮｳﾄﾌ,ﾏｲﾂﾞﾙｼ,ﾄｸﾗ,京都府,舞鶴市,十倉,0,0,0,0,0,0
26202,624  ,6240826,ｷｮｳﾄﾌ,ﾏｲﾂﾞﾙｼ,ｷｮｳﾀﾞｼﾝﾏﾁ,京都府,舞鶴市,京田新町,0,0,0,0,0,0
26202,624  ,6240831,ｷｮｳﾄﾌ,ﾏｲﾂﾞﾙｼ,ﾆｮｳ,京都府,舞鶴市,女布,0,0,0,0,0,0
26202,624  ,6240832,ｷｮｳﾄﾌ,ﾏｲﾂﾞﾙｼ,ﾀｶﾉﾀﾞｲ,京都府,舞鶴市,高野台,0,0,0,0,0,0
26202,624  ,6240833,ｷｮｳﾄﾌ,ﾏｲﾂﾞﾙｼ,ﾉﾑﾗｼﾞ,京都府,舞鶴市,野村寺,0,0,0,0,0,0
26202,624  ,6240834,ｷｮｳﾄﾌ,ﾏｲﾂﾞﾙｼ,ｼﾞｮｳﾔ,京都府,舞鶴市,城屋,0,0,0,0,0,0
26202,624  ,6240835,ｷｮｳﾄﾌ,ﾏｲﾂﾞﾙｼ,ﾀｶﾉﾕﾘ,京都府,舞鶴市,高野由里,0,0,0,0,0,0
26202,624  ,6240836,ｷｮｳﾄﾌ,ﾏｲﾂﾞﾙｼ,ﾆｮｳｷﾀﾏﾁ,京都府,舞鶴市,女布北町,0,0,0,0,0,0
26202,624  ,6240841,ｷｮｳﾄﾌ,ﾏｲﾂﾞﾙｼ,ﾋｷﾂﾁ,京都府,舞鶴市,引土,0,0,0,0,0,0
26202,624  ,6240842,ｷｮｳﾄﾌ,ﾏｲﾂﾞﾙｼ,ｱｻｼﾛ,京都府,舞鶴市,朝代,0,0,0,0,0,0
26202,624  ,6240843,ｷｮｳﾄﾌ,ﾏｲﾂﾞﾙｼ,ﾋｷﾂﾁｼﾝ,京都府,舞鶴市,引土新,0,0,0,0,0,0
26202,624  ,6240851,ｷｮｳﾄﾌ,ﾏｲﾂﾞﾙｼ,ｵｵﾁﾉﾁｮｳ,京都府,舞鶴市,大内野町,0,0,0,0,0,0
26202,624  ,6240852,ｷｮｳﾄﾌ,ﾏｲﾂﾞﾙｼ,ｵｵｳﾁ,京都府,舞鶴市,大内,0,0,0,0,0,0
26202,624  ,6240853,ｷｮｳﾄﾌ,ﾏｲﾂﾞﾙｼ,ﾐﾅﾐﾀﾅﾍﾞ,京都府,舞鶴市,南田辺,0,0,0,0,0,0
26202,624  ,6240854,ｷｮｳﾄﾌ,ﾏｲﾂﾞﾙｼ,ｴﾝﾏﾝｼﾞ,京都府,舞鶴市,円満寺,0,0,0,0,0,0
26202,624  ,6240855,ｷｮｳﾄﾌ,ﾏｲﾂﾞﾙｼ,ｷﾀﾀﾅﾍﾞ,京都府,舞鶴市,北田辺,0,0,0,0,0,0
26202,624  ,6240901,ｷｮｳﾄﾌ,ﾏｲﾂﾞﾙｼ,ｷﾖﾐｶﾞｵｶ,京都府,舞鶴市,清美が丘,0,0,0,0,0,0
26202,624  ,6240902,ｷｮｳﾄﾌ,ﾏｲﾂﾞﾙｼ,ｷﾖﾐﾁ,京都府,舞鶴市,清道,0,0,0,0,0,0
26202,624  ,6240903,ｷｮｳﾄﾌ,ﾏｲﾂﾞﾙｼ,ﾃﾝﾀﾞｲ,京都府,舞鶴市,天台,0,0,0,0,0,0
26202,624  ,6240904,ｷｮｳﾄﾌ,ﾏｲﾂﾞﾙｼ,ｼｮｳﾜﾀﾞｲ,京都府,舞鶴市,昭和台,0,0,0,0,0,0
26202,624  ,6240905,ｷｮｳﾄﾌ,ﾏｲﾂﾞﾙｼ,ﾌｷ,京都府,舞鶴市,福来,0,0,0,0,0,0
26202,624  ,6240906,ｷｮｳﾄﾌ,ﾏｲﾂﾞﾙｼ,ｸﾗﾀﾆ,京都府,舞鶴市,倉谷,0,0,0,0,0,0
26202,624  ,6240907,ｷｮｳﾄﾌ,ﾏｲﾂﾞﾙｼ,ﾌｷﾄﾝﾔﾏﾁ,京都府,舞鶴市,福来問屋町,0,0,0,0,0,0
26202,624  ,6240908,ｷｮｳﾄﾌ,ﾏｲﾂﾞﾙｼ,ｷﾖﾐﾁｼﾝﾏﾁ,京都府,舞鶴市,清道新町,0,0,0,0,0,0
26202,624  ,6240909,ｷｮｳﾄﾌ,ﾏｲﾂﾞﾙｼ,ﾃﾝﾀﾞｲｼﾝﾏﾁ,京都府,舞鶴市,天台新町,0,0,0,0,0,0
26202,624  ,6240911,ｷｮｳﾄﾌ,ﾏｲﾂﾞﾙｼ,ｳｴﾔｽﾋｶﾞｼﾏﾁ,京都府,舞鶴市,上安東町,0,0,0,0,0,0
26202,624  ,6240912,ｷｮｳﾄﾌ,ﾏｲﾂﾞﾙｼ,ｳｴﾔｽ,京都府,舞鶴市,上安,0,0,0,0,0,0
26202,624  ,6240913,ｷｮｳﾄﾌ,ﾏｲﾂﾞﾙｼ,ｶﾐｱｸﾞ,京都府,舞鶴市,上安久,0,0,0,0,0,0
26202,624  ,6240914,ｷｮｳﾄﾌ,ﾏｲﾂﾞﾙｼ,ｼﾓｱｸﾞ,京都府,舞鶴市,下安久,0,0,0,0,0,0
26202,624  ,6240921,ｷｮｳﾄﾌ,ﾏｲﾂﾞﾙｼ,ﾋｶﾞｼﾖｼﾊﾗ,京都府,舞鶴市,東吉原,0,0,0,0,0,0
26202,624  ,6240922,ｷｮｳﾄﾌ,ﾏｲﾂﾞﾙｼ,ﾆｼﾖｼﾊﾗ,京都府,舞鶴市,西吉原,0,0,0,0,0,0
26202,624  ,6240923,ｷｮｳﾄﾌ,ﾏｲﾂﾞﾙｼ,ｳｵﾔ,京都府,舞鶴市,魚屋,0,0,0,0,0,0
26202,624  ,6240924,ｷｮｳﾄﾌ,ﾏｲﾂﾞﾙｼ,ｼｮｸﾆﾝ,京都府,舞鶴市,職人,0,0,0,0,0,0
26202,624  ,6240925,ｷｮｳﾄﾌ,ﾏｲﾂﾞﾙｼ,ﾀﾝﾊﾞ,京都府,舞鶴市,丹波,0,0,0,0,0,0
26202,624  ,6240926,ｷｮｳﾄﾌ,ﾏｲﾂﾞﾙｼ,ﾎﾝ,京都府,舞鶴市,本,0,0,0,0,0,0
26202,624  ,6240927,ｷｮｳﾄﾌ,ﾏｲﾂﾞﾙｼ,ﾋﾗﾉﾔ,京都府,舞鶴市,平野屋,0,0,0,0,0,0
26202,624  ,6240928,ｷｮｳﾄﾌ,ﾏｲﾂﾞﾙｼ,ﾀｹﾔ,京都府,舞鶴市,竹屋,0,0,0,0,0,0
26202,624  ,6240929,ｷｮｳﾄﾌ,ﾏｲﾂﾞﾙｼ,ｼﾞﾅｲ,京都府,舞鶴市,寺内,0,0,0,0,0,0
26202,624  ,6240931,ｷｮｳﾄﾌ,ﾏｲﾂﾞﾙｼ,ﾏﾂｶｹﾞ,京都府,舞鶴市,松陰,0,0,0,0,0,0
26202,624  ,6240932,ｷｮｳﾄﾌ,ﾏｲﾂﾞﾙｼ,ﾐﾔﾂﾞｸﾞﾁ,京都府,舞鶴市,宮津口,0,0,0,0,0,0
26202,624  ,6240933,ｷｮｳﾄﾌ,ﾏｲﾂﾞﾙｼ,ｼﾝ,京都府,舞鶴市,新,0,0,0,0,0,0
26202,624  ,6240934,ｷｮｳﾄﾌ,ﾏｲﾂﾞﾙｼ,ﾎﾘｶﾐ,京都府,舞鶴市,堀上,0,0,0,0,0,0
26202,624  ,6240935,ｷｮｳﾄﾌ,ﾏｲﾂﾞﾙｼ,ｷｮｳｸﾞﾁ,京都府,舞鶴市,京口,0,0,0,0,0,0
26202,624  ,6240936,ｷｮｳﾄﾌ,ﾏｲﾂﾞﾙｼ,ｺﾝﾔ,京都府,舞鶴市,紺屋,0,0,0,0,0,0
26202,624  ,6240937,ｷｮｳﾄﾌ,ﾏｲﾂﾞﾙｼ,ﾆｼ,京都府,舞鶴市,西,0,0,0,0,0,0
26202,624  ,6240941,ｷｮｳﾄﾌ,ﾏｲﾂﾞﾙｼ,ｼﾗｽｷﾞ,京都府,舞鶴市,白杉,0,0,0,0,0,0
26202,624  ,6240942,ｷｮｳﾄﾌ,ﾏｲﾂﾞﾙｼ,ｱｵｲ,京都府,舞鶴市,青井,0,0,0,0,0,0
26202,624  ,6240943,ｷｮｳﾄﾌ,ﾏｲﾂﾞﾙｼ,ﾖｼﾀﾞ,京都府,舞鶴市,吉田,0,0,0,0,0,0
26202,624  ,6240944,ｷｮｳﾄﾌ,ﾏｲﾂﾞﾙｼ,ｵｵｷﾐ,京都府,舞鶴市,大君,0,0,0,0,0,0
26202,624  ,6240945,ｷｮｳﾄﾌ,ﾏｲﾂﾞﾙｼ,ｷﾀ,京都府,舞鶴市,喜多,0,0,0,0,0,0
26202,624  ,6240946,ｷｮｳﾄﾌ,ﾏｲﾂﾞﾙｼ,ｼﾓﾌｸｲ,京都府,舞鶴市,下福井,0,0,0,0,0,0
26202,624  ,6240951,ｷｮｳﾄﾌ,ﾏｲﾂﾞﾙｼ,ｶﾐﾌｸｲ,京都府,舞鶴市,上福井,0,0,0,0,0,0
26202,624  ,6240952,ｷｮｳﾄﾌ,ﾏｲﾂﾞﾙｼ,ﾐｯｶｲﾁ,京都府,舞鶴市,三日市,0,0,0,0,0,0
26202,624  ,6240953,ｷｮｳﾄﾌ,ﾏｲﾂﾞﾙｼ,ﾊﾄﾁ,京都府,舞鶴市,八戸地,0,0,0,0,0,0
26202,624  ,6240954,ｷｮｳﾄﾌ,ﾏｲﾂﾞﾙｼ,ﾊｯﾀ,京都府,舞鶴市,八田,0,0,0,0,0,0
26202,624  ,6240955,ｷｮｳﾄﾌ,ﾏｲﾂﾞﾙｼ,ﾏﾙﾀ,京都府,舞鶴市,丸田,0,0,0,0,0,0
26202,624  ,6240956,ｷｮｳﾄﾌ,ﾏｲﾂﾞﾙｼ,ﾜｴ,京都府,舞鶴市,和江,0,0,0,0,0,0
26202,624  ,6240961,ｷｮｳﾄﾌ,ﾏｲﾂﾞﾙｼ,ﾆｼｶﾝｻﾞｷ,京都府,舞鶴市,西神崎,0,0,0,0,0,0
26202,624  ,6240962,ｷｮｳﾄﾌ,ﾏｲﾂﾞﾙｼ,ﾋｶﾞｼｶﾝｻﾞｷ,京都府,舞鶴市,東神崎,0,0,0,0,0,0
26202,624  ,6240963,ｷｮｳﾄﾌ,ﾏｲﾂﾞﾙｼ,ﾕｺﾞ,京都府,舞鶴市,油江,0,0,0,0,0,0
26202,624  ,6240964,ｷｮｳﾄﾌ,ﾏｲﾂﾞﾙｼ,ｶﾏﾔ,京都府,舞鶴市,蒲江,0,0,0,0,0,0
26202,624  ,6240965,ｷｮｳﾄﾌ,ﾏｲﾂﾞﾙｼ,ﾐｽﾞﾏ,京都府,舞鶴市,水間,0,0,0,0,0,0
26202,624  ,6240966,ｷｮｳﾄﾌ,ﾏｲﾂﾞﾙｼ,ﾅｶﾔﾏ,京都府,舞鶴市,中山,0,0,0,0,0,0
26202,624  ,6240967,ｷｮｳﾄﾌ,ﾏｲﾂﾞﾙｼ,ｼﾓﾋｶﾞｼ,京都府,舞鶴市,下東,0,0,0,0,0,0
26202,624  ,6240968,ｷｮｳﾄﾌ,ﾏｲﾂﾞﾙｼ,ｶﾐﾋｶﾞｼ,京都府,舞鶴市,上東,0,0,0,0,0,0
26202,625  ,6250000,ｷｮｳﾄﾌ,ﾏｲﾂﾞﾙｼ,ｲｶﾆｹｲｻｲｶﾞﾅｲﾊﾞｱｲ,京都府,舞鶴市,以下に掲載がない場合,0,0,0,0,0,0
26202,625  ,6250001,ｷｮｳﾄﾌ,ﾏｲﾂﾞﾙｼ,ｽｷﾞﾔﾏ,京都府,舞鶴市,杉山,0,0,0,0,0,0
26202,625  ,6250002,ｷｮｳﾄﾌ,ﾏｲﾂﾞﾙｼ,ﾉﾎﾞﾘｵ,京都府,舞鶴市,登尾,0,0,0,0,0,0
26202,625  ,6250003,ｷｮｳﾄﾌ,ﾏｲﾂﾞﾙｼ,ﾖｼﾉ,京都府,舞鶴市,吉野,0,0,0,0,0,0
26202,625  ,6250004,ｷｮｳﾄﾌ,ﾏｲﾂﾞﾙｼ,ｱｾｸﾆｼﾏﾁ,京都府,舞鶴市,朝来西町,0,0,0,0,0,0
26202,625  ,6250005,ｷｮｳﾄﾌ,ﾏｲﾂﾞﾙｼ,ｱｾｸﾅｶ,京都府,舞鶴市,朝来中,0,0,0,0,0,0
26202,625  ,6250006,ｷｮｳﾄﾌ,ﾏｲﾂﾞﾙｼ,ｵｵﾊﾞｶﾐ,京都府,舞鶴市,大波上,0,0,0,0,0,0
26202,625  ,6250007,ｷｮｳﾄﾌ,ﾏｲﾂﾞﾙｼ,ｵｵﾊﾞｼﾓ,京都府,舞鶴市,大波下,0,0,0,0,0,0
26202,625  ,6250010,ｷｮｳﾄﾌ,ﾏｲﾂﾞﾙｼ,ﾏﾂｵ,京都府,舞鶴市,松尾,0,0,0,0,0,0
26202,625  ,6250011,ｷｮｳﾄﾌ,ﾏｲﾂﾞﾙｼ,ｷﾁｻｶ,京都府,舞鶴市,吉坂,0,0,0,0,0,0
26202,625  ,6250012,ｷｮｳﾄﾌ,ﾏｲﾂﾞﾙｼ,ｼﾛﾔﾁｮｳ,京都府,舞鶴市,白屋町,0,0,0,0,0,0
26202,625  ,6250013,ｷｮｳﾄﾌ,ﾏｲﾂﾞﾙｼ,ｶﾊﾗﾆｼﾏﾁ,京都府,舞鶴市,鹿原西町,0,0,0,0,0,0
26202,625  ,6250014,ｷｮｳﾄﾌ,ﾏｲﾂﾞﾙｼ,ｶﾊﾗ,京都府,舞鶴市,鹿原,0,0,0,0,0,0
26202,625  ,6250015,ｷｮｳﾄﾌ,ﾏｲﾂﾞﾙｼ,ｵｶﾔｽ,京都府,舞鶴市,岡安,0,0,0,0,0,0
26202,625  ,6250016,ｷｮｳﾄﾌ,ﾏｲﾂﾞﾙｼ,ｼﾛﾔ,京都府,舞鶴市,白屋,0,0,0,0,0,0
26202,625  ,6250020,ｷｮｳﾄﾌ,ﾏｲﾂﾞﾙｼ,ｵｸﾞﾗ,京都府,舞鶴市,小倉,0,0,0,0,0,0
26202,625  ,6250021,ｷｮｳﾄﾌ,ﾏｲﾂﾞﾙｼ,ﾔｽｵｶ,京都府,舞鶴市,安岡,0,0,0,0,0,0
26202,625  ,6250022,ｷｮｳﾄﾌ,ﾏｲﾂﾞﾙｼ,ﾔｽｵｶﾁｮｳ,京都府,舞鶴市,安岡町,0,0,0,0,0,0
26202,625  ,6250023,ｷｮｳﾄﾌ,ﾏｲﾂﾞﾙｼ,ﾀﾅｶ,京都府,舞鶴市,田中,0,0,0,0,0,0
26202,625  ,6250024,ｷｮｳﾄﾌ,ﾏｲﾂﾞﾙｼ,ﾀﾅｶﾁｮｳ,京都府,舞鶴市,田中町,0,0,0,0,0,0
26202,625  ,6250025,ｷｮｳﾄﾌ,ﾏｲﾂﾞﾙｼ,ｲﾁﾊﾞ,京都府,舞鶴市,市場,0,0,0,0,0,0
26202,625  ,6250026,ｷｮｳﾄﾌ,ﾏｲﾂﾞﾙｼ,ｾﾝｹﾞﾝｼﾞ,京都府,舞鶴市,泉源寺,0,0,0,0,0,0
26202,625  ,6250027,ｷｮｳﾄﾌ,ﾏｲﾂﾞﾙｼ,ﾃﾞﾝｴﾝﾁｮｳ,京都府,舞鶴市,田園町,0,0,1,0,0,0
26202,625  ,6250030,ｷｮｳﾄﾌ,ﾏｲﾂﾞﾙｼ,ｱﾀｺﾞｶﾐﾏﾁ,京都府,舞鶴市,愛宕上町,0,0,0,0,0,0
26202,625  ,6250031,ｷｮｳﾄﾌ,ﾏｲﾂﾞﾙｼ,ｱﾀｺﾞﾅｶﾏﾁ,京都府,舞鶴市,愛宕中町,0,0,0,0,0,0
26202,625  ,6250032,ｷｮｳﾄﾌ,ﾏｲﾂﾞﾙｼ,ｱﾀｺﾞｼﾓﾏﾁ,京都府,舞鶴市,愛宕下町,0,0,0,0,0,0
26202,625  ,6250033,ｷｮｳﾄﾌ,ﾏｲﾂﾞﾙｼ,ｱﾀｺﾞﾊﾏﾏﾁ,京都府,舞鶴市,愛宕浜町,0,0,0,0,0,0
26202,625  ,6250034,ｷｮｳﾄﾌ,ﾏｲﾂﾞﾙｼ,ﾘｭｳｸﾞｳﾁｮｳ,京都府,舞鶴市,竜宮町,0,0,0,0,0,0
26202,625  ,6250035,ｷｮｳﾄﾌ,ﾏｲﾂﾞﾙｼ,ﾐｿﾞｼﾘ,京都府,舞鶴市,溝尻,0,0,0,0,0,0
26202,625  ,6250036,ｷｮｳﾄﾌ,ﾏｲﾂﾞﾙｼ,ﾊﾏ,京都府,舞鶴市,浜,0,0,0,0,0,0
26202,625  ,6250037,ｷｮｳﾄﾌ,ﾏｲﾂﾞﾙｼ,ﾊﾏﾏﾁ,京都府,舞鶴市,浜町,0,0,0,0,0,0
26202,625  ,6250040,ｷｮｳﾄﾌ,ﾏｲﾂﾞﾙｼ,ﾔﾉｽｹﾁｮｳ,京都府,舞鶴市,矢之助町,0,0,0,0,0,0
26202,625  ,6250041,ｷｮｳﾄﾌ,ﾏｲﾂﾞﾙｼ,ﾐｿﾞｼﾘﾅｶﾏﾁ,京都府,舞鶴市,溝尻中町,0,0,0,0,0,0
26202,625  ,6250042,ｷｮｳﾄﾌ,ﾏｲﾂﾞﾙｼ,ﾐｿﾞｼﾘﾁｮｳ,京都府,舞鶴市,溝尻町,0,0,0,0,0,0
26202,625  ,6250043,ｷｮｳﾄﾌ,ﾏｲﾂﾞﾙｼ,ｳﾒｶﾞﾀﾆ,京都府,舞鶴市,梅ケ谷,0,0,0,0,0,0
26202,625  ,6250044,ｷｮｳﾄﾌ,ﾏｲﾂﾞﾙｼ,ﾄﾞｳﾉｵｸ,京都府,舞鶴市,堂奥,0,0,0,0,0,0
26202,625  ,6250045,ｷｮｳﾄﾌ,ﾏｲﾂﾞﾙｼ,ﾀﾓﾝｲﾝ,京都府,舞鶴市,多門院,0,0,0,0,0,0
26202,625  ,6250050,ｷｮｳﾄﾌ,ﾏｲﾂﾞﾙｼ,ｷﾀﾊﾏﾁｮｳ,京都府,舞鶴市,北浜町,0,0,0,0,0,0
26202,625  ,6250051,ｷｮｳﾄﾌ,ﾏｲﾂﾞﾙｼ,ﾕｷﾅｶﾞﾋｶﾞｼﾏﾁ,京都府,舞鶴市,行永東町,0,0,0,0,0,0
26202,625  ,6250052,ｷｮｳﾄﾌ,ﾏｲﾂﾞﾙｼ,ﾕｷﾅｶﾞ,京都府,舞鶴市,行永,0,0,0,0,0,0
26202,625  ,6250053,ｷｮｳﾄﾌ,ﾏｲﾂﾞﾙｼ,ｶﾅﾔﾁｮｳ,京都府,舞鶴市,金屋町,0,0,0,0,0,0
26202,625  ,6250054,ｷｮｳﾄﾌ,ﾏｲﾂﾞﾙｼ,ｼﾁｼﾞｮｳﾅｶﾏﾁ,京都府,舞鶴市,七条中町,0,0,0,0,0,0
26202,625  ,6250055,ｷｮｳﾄﾌ,ﾏｲﾂﾞﾙｼ,ｸﾗﾊｼﾅｶﾏﾁ,京都府,舞鶴市,倉梯中町,0,0,0,0,0,0
26202,625  ,6250056,ｷｮｳﾄﾌ,ﾏｲﾂﾞﾙｼ,ｸﾗﾊｼﾁｮｳ,京都府,舞鶴市,倉梯町,0,0,0,0,0,0
26202,625  ,6250057,ｷｮｳﾄﾌ,ﾏｲﾂﾞﾙｼ,ﾐﾅﾐﾊﾏﾁｮｳ,京都府,舞鶴市,南浜町,0,0,0,0,0,0
26202,625  ,6250058,ｷｮｳﾄﾌ,ﾏｲﾂﾞﾙｼ,ﾕｷﾅｶﾞｻｸﾗﾄﾞｵﾘ,京都府,舞鶴市,行永桜通り,0,0,0,0,0,0
26202,625  ,6250060,ｷｮｳﾄﾌ,ﾏｲﾂﾞﾙｼ,ﾓﾓﾔﾏﾁｮｳ,京都府,舞鶴市,桃山町,0,0,0,0,0,0
26202,625  ,6250061,ｷｮｳﾄﾌ,ﾏｲﾂﾞﾙｼ,ﾓﾘﾁｮｳ,京都府,舞鶴市,森町,0,0,0,0,0,0
26202,625  ,6250062,ｷｮｳﾄﾌ,ﾏｲﾂﾞﾙｼ,ﾓﾘ,京都府,舞鶴市,森,0,0,0,0,0,0
26202,625  ,6250063,ｷｮｳﾄﾌ,ﾏｲﾂﾞﾙｼ,ﾏﾙﾔﾏﾁｮｳ,京都府,舞鶴市,丸山町,0,0,0,0,0,0
26202,625  ,6250064,ｷｮｳﾄﾌ,ﾏｲﾂﾞﾙｼ,ﾏﾙﾔﾏﾆｼﾏﾁ,京都府,舞鶴市,丸山西町,0,0,0,0,0,0
26202,625  ,6250065,ｷｮｳﾄﾌ,ﾏｲﾂﾞﾙｼ,ﾏﾙﾔﾏﾅｶﾏﾁ,京都府,舞鶴市,丸山中町,0,0,0,0,0,0
26202,625  ,6250066,ｷｮｳﾄﾌ,ﾏｲﾂﾞﾙｼ,ﾏﾙﾔﾏｸﾞﾁﾁｮｳ,京都府,舞鶴市,丸山口町,0,0,0,0,0,0
26202,625  ,6250067,ｷｮｳﾄﾌ,ﾏｲﾂﾞﾙｼ,ﾓﾘﾎﾝﾏﾁ,京都府,舞鶴市,森本町,0,0,0,0,0,0
26202,625  ,6250070,ｷｮｳﾄﾌ,ﾏｲﾂﾞﾙｼ,ﾊｯﾀﾝﾀﾞｷﾀﾏﾁ,京都府,舞鶴市,八反田北町,0,0,0,0,0,0
26202,625  ,6250071,ｷｮｳﾄﾌ,ﾏｲﾂﾞﾙｼ,ﾂﾈｼﾝﾏﾁ,京都府,舞鶴市,常新町,0,0,0,0,0,0
26202,625  ,6250072,ｷｮｳﾄﾌ,ﾏｲﾂﾞﾙｼ,ﾂﾈ,京都府,舞鶴市,常,0,0,0,0,0,0
26202,625  ,6250073,ｷｮｳﾄﾌ,ﾏｲﾂﾞﾙｼ,ｷﾉｼﾀ,京都府,舞鶴市,木ノ下,0,0,0,0,0,0
26202,625  ,6250074,ｷｮｳﾄﾌ,ﾏｲﾂﾞﾙｼ,ﾖﾎﾛ,京都府,舞鶴市,与保呂,0,0,0,0,0,0
26202,625  ,6250075,ｷｮｳﾄﾌ,ﾏｲﾂﾞﾙｼ,ｷｮｳｹﾞﾂﾋｶﾞｼﾏﾁ,京都府,舞鶴市,京月東町,0,0,0,0,0,0
26202,625  ,6250076,ｷｮｳﾄﾌ,ﾏｲﾂﾞﾙｼ,ｷｮｳｹﾞﾂﾁｮｳ,京都府,舞鶴市,京月町,0,0,0,0,0,0
26202,625  ,6250077,ｷｮｳﾄﾌ,ﾏｲﾂﾞﾙｼ,ｶﾒｲﾜﾁｮｳ,京都府,舞鶴市,亀岩町,0,0,0,0,0,0
26202,625  ,6250078,ｷｮｳﾄﾌ,ﾏｲﾂﾞﾙｼ,ﾊｯﾀﾝﾀﾞﾐﾅﾐﾏﾁ,京都府,舞鶴市,八反田南町,0,0,0,0,0,0
26202,625  ,6250080,ｷｮｳﾄﾌ,ﾏｲﾂﾞﾙｼ,ｷﾀｽｲ,京都府,舞鶴市,北吸,0,0,0,0,0,0
26202,625  ,6250081,ｷｮｳﾄﾌ,ﾏｲﾂﾞﾙｼ,ﾐﾔｹ,京都府,舞鶴市,三宅,0,0,0,0,0,0
26202,625  ,6250082,ｷｮｳﾄﾌ,ﾏｲﾂﾞﾙｼ,ﾂﾂｼﾞｶﾞｵｶ,京都府,舞鶴市,つつじケ丘,0,0,0,0,0,0
26202,625  ,6250083,ｷｮｳﾄﾌ,ﾏｲﾂﾞﾙｼ,ｱﾏﾙﾍﾞｶﾐ,京都府,舞鶴市,余部上,0,0,0,0,0,0
26202,625  ,6250084,ｷｮｳﾄﾌ,ﾏｲﾂﾞﾙｼ,ｼﾗﾊﾏﾀﾞｲ,京都府,舞鶴市,白浜台,0,0,0,0,0,0
26202,625  ,6250085,ｷｮｳﾄﾌ,ﾏｲﾂﾞﾙｼ,ﾜﾀﾞ,京都府,舞鶴市,和田,0,0,0,0,0,0
26202,625  ,6250086,ｷｮｳﾄﾌ,ﾏｲﾂﾞﾙｼ,ﾅｶﾞﾊﾏ,京都府,舞鶴市,長浜,0,0,0,0,0,0
26202,625  ,6250087,ｷｮｳﾄﾌ,ﾏｲﾂﾞﾙｼ,ｱﾏﾙﾍﾞｼﾓ,京都府,舞鶴市,余部下,0,0,0,0,0,0
26202,62501,6250131,ｷｮｳﾄﾌ,ﾏｲﾂﾞﾙｼ,ﾅｶﾀﾞﾁｮｳ,京都府,舞鶴市,中田町,0,0,0,0,0,0
26202,62501,6250132,ｷｮｳﾄﾌ,ﾏｲﾂﾞﾙｼ,ﾅｶﾀﾞ,京都府,舞鶴市,中田,0,0,0,0,0,0
26202,62501,6250133,ｷｮｳﾄﾌ,ﾏｲﾂﾞﾙｼ,ﾀｲﾗ,京都府,舞鶴市,平,0,0,0,0,0,0
26202,62501,6250134,ｷｮｳﾄﾌ,ﾏｲﾂﾞﾙｼ,ｻﾊﾞｶ,京都府,舞鶴市,佐波賀,0,0,0,0,0,0
26202,62501,6250135,ｷｮｳﾄﾌ,ﾏｲﾂﾞﾙｼ,ﾁﾄｾ,京都府,舞鶴市,千歳,0,0,0,0,0,0
26202,62501,6250136,ｷｮｳﾄﾌ,ﾏｲﾂﾞﾙｼ,ｵｵﾆｭｳ,京都府,舞鶴市,大丹生,0,0,0,0,0,0
26202,62501,6250137,ｷｮｳﾄﾌ,ﾏｲﾂﾞﾙｼ,ｾｻﾞｷ,京都府,舞鶴市,瀬崎,0,0,0,0,0,0
26202,62501,6250141,ｷｮｳﾄﾌ,ﾏｲﾂﾞﾙｼ,ｶﾜﾍﾞﾅｶ,京都府,舞鶴市,河辺中,0,0,0,0,0,0
26202,62501,6250142,ｷｮｳﾄﾌ,ﾏｲﾂﾞﾙｼ,ﾆｼﾔ,京都府,舞鶴市,西屋,0,0,0,0,0,0
26202,62501,6250143,ｷｮｳﾄﾌ,ﾏｲﾂﾞﾙｼ,ﾑﾛｼﾞ,京都府,舞鶴市,室牛,0,0,0,0,0,0
26202,62501,6250144,ｷｮｳﾄﾌ,ﾏｲﾂﾞﾙｼ,ｶﾜﾍﾞﾕﾘ,京都府,舞鶴市,河辺由里,0,0,0,0,0,0
26202,62501,6250145,ｷｮｳﾄﾌ,ﾏｲﾂﾞﾙｼ,ｶﾝﾉﾝｼﾞ,京都府,舞鶴市,観音寺,0,0,0,0,0,0
26202,62501,6250146,ｷｮｳﾄﾌ,ﾏｲﾂﾞﾙｼ,ｶﾜﾍﾞﾊﾗ,京都府,舞鶴市,河辺原,0,0,0,0,0,0
26202,62501,6250147,ｷｮｳﾄﾌ,ﾏｲﾂﾞﾙｼ,ﾄﾁｵ,京都府,舞鶴市,栃尾,0,0,0,0,0,0
26202,62501,6250151,ｷｮｳﾄﾌ,ﾏｲﾂﾞﾙｼ,ｱｶﾉ,京都府,舞鶴市,赤野,0,0,0,0,0,0
26202,62501,6250152,ｷｮｳﾄﾌ,ﾏｲﾂﾞﾙｼ,ﾀﾈｼﾞ,京都府,舞鶴市,多祢寺,0,0,0,0,0,0
26202,62501,6250153,ｷｮｳﾄﾌ,ﾏｲﾂﾞﾙｼ,ﾐﾊﾏ,京都府,舞鶴市,三浜,0,0,0,0,0,0
26202,62501,6250154,ｷｮｳﾄﾌ,ﾏｲﾂﾞﾙｼ,ｵﾊﾞｾ,京都府,舞鶴市,小橋,0,0,0,0,0,0
26202,62501,6250155,ｷｮｳﾄﾌ,ﾏｲﾂﾞﾙｼ,ﾉﾊﾗ,京都府,舞鶴市,野原,0,0,0,0,0,0
26202,62501,6250156,ｷｮｳﾄﾌ,ﾏｲﾂﾞﾙｼ,ﾅﾘｳ,京都府,舞鶴市,成生,0,0,0,0,0,0
26202,62501,6250157,ｷｮｳﾄﾌ,ﾏｲﾂﾞﾙｼ,ﾀｲ,京都府,舞鶴市,田井,0,0,0,0,0,0
26202,62501,6250158,ｷｮｳﾄﾌ,ﾏｲﾂﾞﾙｼ,ｵｵﾔﾏ,京都府,舞鶴市,大山,0,0,0,0,0,0
26205,626  ,6260000,ｷｮｳﾄﾌ,ﾐﾔﾂﾞｼ,ｲｶﾆｹｲｻｲｶﾞﾅｲﾊﾞｱｲ,京都府,宮津市,以下に掲載がない場合,0,0,0,0,0,0
26205,626  ,6260001,ｷｮｳﾄﾌ,ﾐﾔﾂﾞｼ,ﾓﾝｼﾞｭ,京都府,宮津市,文珠,0,0,0,0,0,0
26205,626  ,6260002,ｷｮｳﾄﾌ,ﾐﾔﾂﾞｼ,ｽｷﾞﾉｽｴ,京都府,宮津市,杉末,0,0,0,0,0,0
26205,626  ,6260003,ｷｮｳﾄﾌ,ﾐﾔﾂﾞｼ,ﾘｮｳｼ,京都府,宮津市,漁師,0,0,0,0,0,0
26205,626  ,6260004,ｷｮｳﾄﾌ,ﾐﾔﾂﾞｼ,ｶﾜﾑｶｲ,京都府,宮津市,川向,0,0,0,0,0,0
26205,626  ,6260005,ｷｮｳﾄﾌ,ﾐﾔﾂﾞｼ,ﾐﾔﾏﾁ,京都府,宮津市,宮町,0,0,0,0,0,0
26205,626  ,6260006,ｷｮｳﾄﾌ,ﾐﾔﾂﾞｼ,ｴﾋﾞｽ,京都府,宮津市,蛭子,0,0,0,0,0,0
26205,626  ,6260007,ｷｮｳﾄﾌ,ﾐﾔﾂﾞｼ,ｲｹﾉﾀﾆ,京都府,宮津市,池ノ谷,0,0,0,0,0,0
26205,626  ,6260008,ｷｮｳﾄﾌ,ﾐﾔﾂﾞｼ,ﾏﾝﾈﾝ,京都府,宮津市,万年,0,0,0,0,0,0
26205,626  ,6260011,ｷｮｳﾄﾌ,ﾐﾔﾂﾞｼ,ｼﾗｶｾ,京都府,宮津市,白柏,0,0,0,0,0,0
26205,626  ,6260012,ｷｮｳﾄﾌ,ﾐﾔﾂﾞｼ,ﾊﾏﾏﾁ,京都府,宮津市,浜町,0,0,0,0,0,0
26205,626  ,6260013,ｷｮｳﾄﾌ,ﾐﾔﾂﾞｼ,ｽﾐﾖｼ,京都府,宮津市,住吉,0,0,0,0,0,0
26205,626  ,6260014,ｷｮｳﾄﾌ,ﾐﾔﾂﾞｼ,ｶﾜﾗ,京都府,宮津市,河原,0,0,0,0,0,0
26205,626  ,6260015,ｷｮｳﾄﾌ,ﾐﾔﾂﾞｼ,ｳｵﾔ,京都府,宮津市,魚屋,0,0,0,0,0,0
26205,626  ,6260016,ｷｮｳﾄﾌ,ﾐﾔﾂﾞｼ,ｼﾝﾊﾏ,京都府,宮津市,新浜,0,0,0,0,0,0
26205,626  ,6260017,ｷｮｳﾄﾌ,ﾐﾔﾂﾞｼ,ｼﾏｻｷ,京都府,宮津市,島崎,0,0,0,0,0,0
26205,626  ,6260018,ｷｮｳﾄﾌ,ﾐﾔﾂﾞｼ,ﾎﾝﾏﾁ,京都府,宮津市,本町,0,0,0,0,0,0
26205,626  ,6260019,ｷｮｳﾄﾌ,ﾐﾔﾂﾞｼ,ﾏﾝﾈﾝｼﾝﾁ,京都府,宮津市,万年新地,0,0,0,0,0,0
26205,626  ,6260020,ｷｮｳﾄﾌ,ﾐﾔﾂﾞｼ,ﾘｮｳｼ,京都府,宮津市,猟師,0,0,0,0,0,0
26205,626  ,6260021,ｷｮｳﾄﾌ,ﾐﾔﾂﾞｼ,ｵｶﾞﾜ,京都府,宮津市,小川,0,0,0,0,0,0
26205,626  ,6260022,ｷｮｳﾄﾌ,ﾐﾔﾂﾞｼ,ﾖﾛｽﾞﾏﾁ,京都府,宮津市,万町,0,0,0,0,0,0
26205,626  ,6260023,ｷｮｳﾄﾌ,ﾐﾔﾂﾞｼ,ﾐﾔﾓﾄ,京都府,宮津市,宮本,0,0,0,0,0,0
26205,626  ,6260024,ｷｮｳﾄﾌ,ﾐﾔﾂﾞｼ,ﾔﾅｷﾞﾅﾜﾃ,京都府,宮津市,柳縄手,0,0,0,0,0,0
26205,626  ,6260025,ｷｮｳﾄﾌ,ﾐﾔﾂﾞｼ,ｷﾉﾍﾞ,京都府,宮津市,木ノ部,0,0,0,0,0,0
26205,626  ,6260026,ｷｮｳﾄﾌ,ﾐﾔﾂﾞｼ,ｷｮｳｸﾞﾁﾏﾁ,京都府,宮津市,京口町,0,0,0,0,0,0
26205,626  ,6260027,ｷｮｳﾄﾌ,ﾐﾔﾂﾞｼ,ｷｮｳｶｲﾄﾞｳ,京都府,宮津市,京街道,0,0,0,0,0,0
26205,626  ,6260028,ｷｮｳﾄﾌ,ﾐﾔﾂﾞｼ,ｵｵｸﾎﾞ,京都府,宮津市,大久保,0,0,0,0,0,0
26205,626  ,6260029,ｷｮｳﾄﾌ,ﾐﾔﾂﾞｼ,ｶﾅﾔﾀﾞﾆ,京都府,宮津市,金屋谷,0,0,0,0,0,0
26205,626  ,6260031,ｷｮｳﾄﾌ,ﾐﾔﾂﾞｼ,ｷｮｳｸﾞﾁ,京都府,宮津市,京口,0,0,0,0,0,0
26205,626  ,6260032,ｷｮｳﾄﾌ,ﾐﾔﾂﾞｼ,ﾏﾂﾊﾞﾗ,京都府,宮津市,松原,0,0,0,0,0,0
26205,626  ,6260033,ｷｮｳﾄﾌ,ﾐﾔﾂﾞｼ,ﾐﾔﾑﾗ,京都府,宮津市,宮村,0,0,0,0,0,0
26205,626  ,6260034,ｷｮｳﾄﾌ,ﾐﾔﾂﾞｼ,ﾀｷﾊﾞ,京都府,宮津市,滝馬,0,0,0,0,0,0
26205,626  ,6260035,ｷｮｳﾄﾌ,ﾐﾔﾂﾞｼ,ｷﾀ,京都府,宮津市,喜多,0,0,0,0,0,0
26205,626  ,6260036,ｷｮｳﾄﾌ,ﾐﾔﾂﾞｼ,ｲﾏﾌｸ,京都府,宮津市,今福,0,0,0,0,0,0
26205,626  ,6260037,ｷｮｳﾄﾌ,ﾐﾔﾂﾞｼ,ｵﾀﾞ,京都府,宮津市,小田,0,0,0,0,0,0
26205,626  ,6260041,ｷｮｳﾄﾌ,ﾐﾔﾂﾞｼ,ﾂﾙｶﾞ,京都府,宮津市,鶴賀,0,0,0,0,0,0
26205,626  ,6260042,ｷｮｳﾄﾌ,ﾐﾔﾂﾞｼ,ｱﾝﾁ,京都府,宮津市,安智,0,0,0,0,0,0
26205,626  ,6260043,ｷｮｳﾄﾌ,ﾐﾔﾂﾞｼ,ｿｳ,京都府,宮津市,惣,0,0,0,0,0,0
26205,626  ,6260044,ｷｮｳﾄﾌ,ﾐﾔﾂﾞｼ,ﾖｼﾊﾗ,京都府,宮津市,吉原,0,0,0,0,0,0
26205,626  ,6260045,ｷｮｳﾄﾌ,ﾐﾔﾂﾞｼ,ﾊﾞﾊﾞｻｷ,京都府,宮津市,馬場先,0,0,0,0,0,0
26205,626  ,6260046,ｷｮｳﾄﾌ,ﾐﾔﾂﾞｼ,ﾅｶﾉﾁｮｳ,京都府,宮津市,中ノ丁,0,0,0,0,0,0
26205,626  ,6260047,ｷｮｳﾄﾌ,ﾐﾔﾂﾞｼ,ｿﾄｶﾞﾜ,京都府,宮津市,外側,0,0,0,0,0,0
26205,626  ,6260051,ｷｮｳﾄﾌ,ﾐﾔﾂﾞｼ,ｼﾏｶｹﾞ,京都府,宮津市,島陰,0,0,0,0,0,0
26205,626  ,6260052,ｷｮｳﾄﾌ,ﾐﾔﾂﾞｼ,ｵﾀﾞｼｭｸﾉ,京都府,宮津市,小田宿野,0,0,0,0,0,0
26205,626  ,6260053,ｷｮｳﾄﾌ,ﾐﾔﾂﾞｼ,ﾅｶﾂ,京都府,宮津市,中津,0,0,0,0,0,0
26205,626  ,6260054,ｷｮｳﾄﾌ,ﾐﾔﾂﾞｼ,ｷﾞﾝｶﾞｵｶ,京都府,宮津市,銀丘,0,0,0,0,0,0
26205,626  ,6260055,ｷｮｳﾄﾌ,ﾐﾔﾂﾞｼ,ｶｶﾞﾐｶﾞｳﾗ,京都府,宮津市,鏡ケ浦,0,0,0,0,0,0
26205,626  ,6260061,ｷｮｳﾄﾌ,ﾐﾔﾂﾞｼ,ﾊｼﾞ,京都府,宮津市,波路,0,0,0,0,0,0
26205,626  ,6260062,ｷｮｳﾄﾌ,ﾐﾔﾂﾞｼ,ﾔﾏﾅｶ,京都府,宮津市,山中,0,0,0,0,0,0
26205,626  ,6260063,ｷｮｳﾄﾌ,ﾐﾔﾂﾞｼ,ｶｲﾊﾞﾗ,京都府,宮津市,皆原,0,0,0,0,0,0
26205,626  ,6260064,ｷｮｳﾄﾌ,ﾐﾔﾂﾞｼ,ﾊｼﾞﾏﾁ,京都府,宮津市,波路町,0,0,0,0,0,0
26205,626  ,6260065,ｷｮｳﾄﾌ,ﾐﾔﾂﾞｼ,ｼｼｻﾞｷ,京都府,宮津市,獅子崎,0,0,0,0,0,0
26205,626  ,6260066,ｷｮｳﾄﾌ,ﾐﾔﾂﾞｼ,ﾁｼ,京都府,宮津市,獅子,0,0,0,0,0,0
26205,626  ,6260067,ｷｮｳﾄﾌ,ﾐﾔﾂﾞｼ,ﾔﾜﾗ,京都府,宮津市,矢原,0,0,0,0,0,0
26205,626  ,6260068,ｷｮｳﾄﾌ,ﾐﾔﾂﾞｼ,ﾀｲ,京都府,宮津市,田井,0,0,0,0,0,0
26205,626  ,6260071,ｷｮｳﾄﾌ,ﾐﾔﾂﾞｼ,ﾕﾗ,京都府,宮津市,由良,0,0,0,0,0,0
26205,626  ,6260072,ｷｮｳﾄﾌ,ﾐﾔﾂﾞｼ,ｲｼｳﾗ,京都府,宮津市,石浦,0,0,0,0,0,0
26205,626  ,6260073,ｷｮｳﾄﾌ,ﾐﾔﾂﾞｼ,ｼﾝｸﾞｳ,京都府,宮津市,新宮,0,0,0,0,0,0
26205,626  ,6260074,ｷｮｳﾄﾌ,ﾐﾔﾂﾞｼ,ｼﾞｮｳｼ,京都府,宮津市,上司,0,0,0,0,0,0
26205,626  ,6260075,ｷｮｳﾄﾌ,ﾐﾔﾂﾞｼ,ｺﾃﾞﾗ,京都府,宮津市,小寺,0,0,0,0,0,0
26205,626  ,6260076,ｷｮｳﾄﾌ,ﾐﾔﾂﾞｼ,ﾅｶﾑﾗ,京都府,宮津市,中村,0,0,0,0,0,0
26205,626  ,6260077,ｷｮｳﾄﾌ,ﾐﾔﾂﾞｼ,ﾜｷ,京都府,宮津市,脇,0,0,0,0,0,0
26205,62602,6260201,ｷｮｳﾄﾌ,ﾐﾔﾂﾞｼ,ﾀﾜﾗ,京都府,宮津市,田原,0,0,0,0,0,0
26205,62602,6260202,ｷｮｳﾄﾌ,ﾐﾔﾂﾞｼ,ｵｵｼﾏ,京都府,宮津市,大島,0,0,0,0,0,0
26205,62602,6260203,ｷｮｳﾄﾌ,ﾐﾔﾂﾞｼ,ｲﾜｶﾞﾊﾅ,京都府,宮津市,岩ケ鼻,0,0,0,0,0,0
26205,62602,6260204,ｷｮｳﾄﾌ,ﾐﾔﾂﾞｼ,ﾅｶﾞｴ,京都府,宮津市,長江,0,0,0,0,0,0
26205,62602,6260205,ｷｮｳﾄﾌ,ﾐﾔﾂﾞｼ,ﾄﾉｶﾞｷ,京都府,宮津市,外垣,0,0,0,0,0,0
26205,62602,6260206,ｷｮｳﾄﾌ,ﾐﾔﾂﾞｼ,ﾋｶﾞﾀﾆ,京都府,宮津市,日ケ谷,0,0,0,0,0,0
26205,62602,6260211,ｷｮｳﾄﾌ,ﾐﾔﾂﾞｼ,ｻﾄﾊﾐ,京都府,宮津市,里波見,0,0,0,0,0,0
26205,62602,6260212,ｷｮｳﾄﾌ,ﾐﾔﾂﾞｼ,ﾅｶﾊﾐ,京都府,宮津市,中波見,0,0,0,0,0,0
26205,62602,6260213,ｷｮｳﾄﾌ,ﾐﾔﾂﾞｼ,ｵｸﾊﾐ,京都府,宮津市,奥波見,0,0,0,0,0,0
26205,62602,6260221,ｷｮｳﾄﾌ,ﾐﾔﾂﾞｼ,ｷｺﾞ,京都府,宮津市,木子,0,0,0,0,0,0
26205,62602,6260222,ｷｮｳﾄﾌ,ﾐﾔﾂﾞｼ,ﾋｶﾞｼﾉ,京都府,宮津市,東野,0,0,0,0,0,0
26205,62602,6260223,ｷｮｳﾄﾌ,ﾐﾔﾂﾞｼ,ﾏﾂｵ,京都府,宮津市,松尾,0,0,0,0,0,0
26205,62602,6260224,ｷｮｳﾄﾌ,ﾐﾔﾂﾞｼ,ｼﾓｾﾔ,京都府,宮津市,下世屋,0,0,0,0,0,0
26205,62602,6260225,ｷｮｳﾄﾌ,ﾐﾔﾂﾞｼ,ﾋｵｷ,京都府,宮津市,日置,0,0,0,0,0,0
26205,62602,6260226,ｷｮｳﾄﾌ,ﾐﾔﾂﾞｼ,ﾊﾀ,京都府,宮津市,畑,0,0,0,0,0,0
26205,62602,6260227,ｷｮｳﾄﾌ,ﾐﾔﾂﾞｼ,ｶﾐｾﾔ,京都府,宮津市,上世屋,0,0,0,0,0,0
26463,62604,6260400,ｷｮｳﾄﾌ,ﾖｻｸﾞﾝｲﾈﾁｮｳ,ｲｶﾆｹｲｻｲｶﾞﾅｲﾊﾞｱｲ,京都府,与謝郡伊根町,以下に掲載がない場合,0,0,0,0,0,0
26463,62604,6260401,ｷｮｳﾄﾌ,ﾖｻｸﾞﾝｲﾈﾁｮｳ,ｶﾏﾆｭｳ,京都府,与謝郡伊根町,蒲入,0,0,0,0,0,0
26463,62604,6260402,ｷｮｳﾄﾌ,ﾖｻｸﾞﾝｲﾈﾁｮｳ,ﾁｮｳｴﾝ,京都府,与謝郡伊根町,長延,0,0,0,0,0,0
26463,62604,6260403,ｷｮｳﾄﾌ,ﾖｻｸﾞﾝｲﾈﾁｮｳ,ﾎﾝｼﾞｮｳﾊﾏ,京都府,与謝郡伊根町,本庄浜,0,0,0,0,0,0
26463,62604,6260404,ｷｮｳﾄﾌ,ﾖｻｸﾞﾝｲﾈﾁｮｳ,ﾎﾝｼﾞｮｳｳｼﾞ,京都府,与謝郡伊根町,本庄宇治,0,0,0,0,0,0
26463,62604,6260405,ｷｮｳﾄﾌ,ﾖｻｸﾞﾝｲﾈﾁｮｳ,ﾎﾝｼﾞｮｳｱｹﾞ,京都府,与謝郡伊根町,本庄上,0,0,0,0,0,0
26463,62604,6260411,ｷｮｳﾄﾌ,ﾖｻｸﾞﾝｲﾈﾁｮｳ,ﾉﾑﾛ,京都府,与謝郡伊根町,野室,0,0,0,0,0,0
26463,62604,6260412,ｷｮｳﾄﾌ,ﾖｻｸﾞﾝｲﾈﾁｮｳ,ﾂﾓ,京都府,与謝郡伊根町,津母,0,0,0,0,0,0
26463,62604,6260413,ｷｮｳﾄﾌ,ﾖｻｸﾞﾝｲﾈﾁｮｳ,ﾄﾏﾘ,京都府,与謝郡伊根町,泊,0,0,0,0,0,0
26463,62604,6260414,ｷｮｳﾄﾌ,ﾖｻｸﾞﾝｲﾈﾁｮｳ,ﾛｸﾏﾝﾌﾞ,京都府,与謝郡伊根町,六万部,0,0,0,0,0,0
26463,62604,6260415,ｷｮｳﾄﾌ,ﾖｻｸﾞﾝｲﾈﾁｮｳ,ｲﾑﾛ,京都府,与謝郡伊根町,井室,0,0,0,0,0,0
26463,62604,6260416,ｷｮｳﾄﾌ,ﾖｻｸﾞﾝｲﾈﾁｮｳ,ﾊﾀﾀﾞﾆ,京都府,与謝郡伊根町,畑谷,0,0,0,0,0,0
26463,62604,6260417,ｷｮｳﾄﾌ,ﾖｻｸﾞﾝｲﾈﾁｮｳ,ﾄｳｹﾞ,京都府,与謝郡伊根町,峠,0,0,0,0,0,0
26463,62604,6260421,ｷｮｳﾄﾌ,ﾖｻｸﾞﾝｲﾈﾁｮｳ,ﾆｲ,京都府,与謝郡伊根町,新井,0,0,0,0,0,0
26463,62604,6260422,ｷｮｳﾄﾌ,ﾖｻｸﾞﾝｲﾈﾁｮｳ,ｵｵﾊﾗ,京都府,与謝郡伊根町,大原,0,0,0,0,0,0
26463,62604,6260423,ｷｮｳﾄﾌ,ﾖｻｸﾞﾝｲﾈﾁｮｳ,ﾋﾗﾀ,京都府,与謝郡伊根町,平田,0,0,0,0,0,0
26463,62604,6260424,ｷｮｳﾄﾌ,ﾖｻｸﾞﾝｲﾈﾁｮｳ,ｶﾒｼﾏ,京都府,与謝郡伊根町,亀島,0,0,0,0,0,0
26463,62604,6260425,ｷｮｳﾄﾌ,ﾖｻｸﾞﾝｲﾈﾁｮｳ,ﾋﾃﾞ,京都府,与謝郡伊根町,日出,0,0,0,0,0,0
26463,62604,6260431,ｷｮｳﾄﾌ,ﾖｻｸﾞﾝｲﾈﾁｮｳ,ｽｶﾞﾉ,京都府,与謝郡伊根町,菅野,0,0,0,0,0,0
26463,62604,6260432,ｷｮｳﾄﾌ,ﾖｻｸﾞﾝｲﾈﾁｮｳ,ﾎﾝｻﾞｶ,京都府,与謝郡伊根町,本坂,0,0,0,0,0,0
26463,62604,6260433,ｷｮｳﾄﾌ,ﾖｻｸﾞﾝｲﾈﾁｮｳ,ﾉﾑﾗ,京都府,与謝郡伊根町,野村,0,0,0,0,0,0
26212,627  ,6270000,ｷｮｳﾄﾌ,ｷｮｳﾀﾝｺﾞｼ,ｲｶﾆｹｲｻｲｶﾞﾅｲﾊﾞｱｲ,京都府,京丹後市,以下に掲載がない場合,0,0,0,0,0,0
26212,627  ,6270001,ｷｮｳﾄﾌ,ｷｮｳﾀﾝｺﾞｼ,ﾐﾈﾔﾏﾁｮｳﾊｼｷﾞ,京都府,京丹後市,峰山町橋木,0,0,0,0,0,0
26212,627  ,6270002,ｷｮｳﾄﾌ,ｷｮｳﾀﾝｺﾞｼ,ﾐﾈﾔﾏﾁｮｳﾔﾀ,京都府,京丹後市,峰山町矢田,0,0,0,0,0,0
26212,627  ,6270003,ｷｮｳﾄﾌ,ｷｮｳﾀﾝｺﾞｼ,ﾐﾈﾔﾏﾁｮｳﾅｲｷ,京都府,京丹後市,峰山町内記,0,0,0,0,0,0
26212,627  ,6270004,ｷｮｳﾄﾌ,ｷｮｳﾀﾝｺﾞｼ,ﾐﾈﾔﾏﾁｮｳｱﾗﾔﾏ,京都府,京丹後市,峰山町荒山,0,0,0,0,0,0
26212,627  ,6270005,ｷｮｳﾄﾌ,ｷｮｳﾀﾝｺﾞｼ,ﾐﾈﾔﾏﾁｮｳｼﾝﾏﾁ,京都府,京丹後市,峰山町新町,0,0,0,0,0,0
26212,627  ,6270006,ｷｮｳﾄﾌ,ｷｮｳﾀﾝｺﾞｼ,ﾐﾈﾔﾏﾁｮｳｱｶｻｶ,京都府,京丹後市,峰山町赤坂,0,0,0,0,0,0
26212,627  ,6270007,ｷｮｳﾄﾌ,ｷｮｳﾀﾝｺﾞｼ,ﾐﾈﾔﾏﾁｮｳｲｼﾏﾙ,京都府,京丹後市,峰山町石丸,0,0,0,0,0,0
26212,627  ,6270011,ｷｮｳﾄﾌ,ｷｮｳﾀﾝｺﾞｼ,ﾐﾈﾔﾏﾁｮｳﾀﾝﾊﾞ,京都府,京丹後市,峰山町丹波,0,0,0,0,0,0
26212,627  ,6270012,ｷｮｳﾄﾌ,ｷｮｳﾀﾝｺﾞｼ,ﾐﾈﾔﾏﾁｮｳｽｷﾞﾀﾆ,京都府,京丹後市,峰山町杉谷,0,0,0,0,0,0
26212,627  ,6270013,ｷｮｳﾄﾌ,ｷｮｳﾀﾝｺﾞｼ,ﾐﾈﾔﾏﾁｮｳﾌﾀﾞﾝ,京都府,京丹後市,峰山町不断,0,0,0,0,0,0
26212,627  ,6270014,ｷｮｳﾄﾌ,ｷｮｳﾀﾝｺﾞｼ,ﾐﾈﾔﾏﾁｮｳｼｹﾝ,京都府,京丹後市,峰山町四軒,0,0,0,0,0,0
26212,627  ,6270021,ｷｮｳﾄﾌ,ｷｮｳﾀﾝｺﾞｼ,ﾐﾈﾔﾏﾁｮｳﾖｼﾜﾗ,京都府,京丹後市,峰山町吉原,0,0,0,0,0,0
26212,627  ,6270022,ｷｮｳﾄﾌ,ｷｮｳﾀﾝｺﾞｼ,ﾐﾈﾔﾏﾁｮｳｶﾐ,京都府,京丹後市,峰山町上,0,0,0,0,0,0
26212,627  ,6270023,ｷｮｳﾄﾌ,ｷｮｳﾀﾝｺﾞｼ,ﾐﾈﾔﾏﾁｮｳｵﾘﾓﾄ,京都府,京丹後市,峰山町織元,0,0,0,0,0,0
26212,627  ,6270024,ｷｮｳﾄﾌ,ｷｮｳﾀﾝｺﾞｼ,ﾐﾈﾔﾏﾁｮｳﾑﾛ,京都府,京丹後市,峰山町室,0,0,0,0,0,0
26212,627  ,6270025,ｷｮｳﾄﾌ,ｷｮｳﾀﾝｺﾞｼ,ﾐﾈﾔﾏﾁｮｳｻｶｲ,京都府,京丹後市,峰山町堺,0,0,0,0,0,0
26212,627  ,6270026,ｷｮｳﾄﾌ,ｷｮｳﾀﾝｺﾞｼ,ﾐﾈﾔﾏﾁｮｳﾌﾙﾄﾞﾉ,京都府,京丹後市,峰山町古殿,0,0,0,0,0,0
26212,627  ,6270027,ｷｮｳﾄﾌ,ｷｮｳﾀﾝｺﾞｼ,ﾐﾈﾔﾏﾁｮｳﾔｽ,京都府,京丹後市,峰山町安,0,0,0,0,0,0
26212,627  ,6270031,ｷｮｳﾄﾌ,ｷｮｳﾀﾝｺﾞｼ,ﾐﾈﾔﾏﾁｮｳｺﾞﾌｸ,京都府,京丹後市,峰山町呉服,0,0,0,0,0,0
26212,627  ,6270032,ｷｮｳﾄﾌ,ｷｮｳﾀﾝｺﾞｼ,ﾐﾈﾔﾏﾁｮｳﾅﾆﾜ,京都府,京丹後市,峰山町浪花,0,0,0,0,0,0
26212,627  ,6270033,ｷｮｳﾄﾌ,ｷｮｳﾀﾝｺﾞｼ,ﾐﾈﾔﾏﾁｮｳｼﾗｶﾞﾈ,京都府,京丹後市,峰山町白銀,0,0,0,0,0,0
26212,627  ,6270034,ｷｮｳﾄﾌ,ｷｮｳﾀﾝｺﾞｼ,ﾐﾈﾔﾏﾁｮｳｲｽﾞﾐ,京都府,京丹後市,峰山町泉,0,0,0,0,0,0
26212,627  ,6270035,ｷｮｳﾄﾌ,ｷｮｳﾀﾝｺﾞｼ,ﾐﾈﾔﾏﾁｮｳｺｳﾐｮｳｼﾞ,京都府,京丹後市,峰山町光明寺,0,0,0,0,0,0
26212,627  ,6270036,ｷｮｳﾄﾌ,ｷｮｳﾀﾝｺﾞｼ,ﾐﾈﾔﾏﾁｮｳｵﾀﾋﾞ,京都府,京丹後市,峰山町御旅,0,0,0,0,0,0
26212,627  ,6270037,ｷｮｳﾄﾌ,ｷｮｳﾀﾝｺﾞｼ,ﾐﾈﾔﾏﾁｮｳﾁﾄｾ,京都府,京丹後市,峰山町千歳,0,0,0,0,0,0
26212,627  ,6270038,ｷｮｳﾄﾌ,ｷｮｳﾀﾝｺﾞｼ,ﾐﾈﾔﾏﾁｮｳﾌｷﾔ,京都府,京丹後市,峰山町富貴屋,0,0,0,0,0,0
26212,627  ,6270041,ｷｮｳﾄﾌ,ｷｮｳﾀﾝｺﾞｼ,ﾐﾈﾔﾏﾁｮｳｽｹﾞ,京都府,京丹後市,峰山町菅,0,0,0,0,0,0
26212,627  ,6270042,ｷｮｳﾄﾌ,ｷｮｳﾀﾝｺﾞｼ,ﾐﾈﾔﾏﾁｮｳﾅｶﾞｵｶ,京都府,京丹後市,峰山町長岡,0,0,0,0,0,0
26212,627  ,6270043,ｷｮｳﾄﾌ,ｷｮｳﾀﾝｺﾞｼ,ﾐﾈﾔﾏﾁｮｳﾆﾝﾊﾞﾘ,京都府,京丹後市,峰山町新治,0,0,0,0,0,0
26212,627  ,6270044,ｷｮｳﾄﾌ,ｷｮｳﾀﾝｺﾞｼ,ﾐﾈﾔﾏﾁｮｳｺﾆｼ,京都府,京丹後市,峰山町小西,0,0,0,0,0,0
26212,627  ,6270045,ｷｮｳﾄﾌ,ｷｮｳﾀﾝｺﾞｼ,ﾐﾈﾔﾏﾁｮｳﾆｼﾔﾏ,京都府,京丹後市,峰山町西山,0,0,0,0,0,0
26212,627  ,6270051,ｷｮｳﾄﾌ,ｷｮｳﾀﾝｺﾞｼ,ﾐﾈﾔﾏﾁｮｳﾆｶ,京都府,京丹後市,峰山町二箇,0,0,0,0,0,0
26212,627  ,6270052,ｷｮｳﾄﾌ,ｷｮｳﾀﾝｺﾞｼ,ﾐﾈﾔﾏﾁｮｳｺﾞｶ,京都府,京丹後市,峰山町五箇,0,0,0,0,0,0
26212,627  ,6270053,ｷｮｳﾄﾌ,ｷｮｳﾀﾝｺﾞｼ,ﾐﾈﾔﾏﾁｮｳﾏｽﾄﾞﾒ,京都府,京丹後市,峰山町鱒留,0,0,0,0,0,0
26212,627  ,6270054,ｷｮｳﾄﾌ,ｷｮｳﾀﾝｺﾞｼ,ﾐﾈﾔﾏﾁｮｳﾋｻﾂｷﾞ,京都府,京丹後市,峰山町久次,0,0,0,0,0,0
26212,62701,6270101,ｷｮｳﾄﾌ,ｷｮｳﾀﾝｺﾞｼ,ﾔｻｶﾁｮｳﾉﾅｶ,京都府,京丹後市,弥栄町野中,0,0,0,0,0,0
26212,62701,6270102,ｷｮｳﾄﾌ,ｷｮｳﾀﾝｺﾞｼ,ﾔｻｶﾁｮｳｽｶﾞﾜ,京都府,京丹後市,弥栄町須川,0,0,0,0,0,0
26212,62701,6270111,ｷｮｳﾄﾌ,ｷｮｳﾀﾝｺﾞｼ,ﾔｻｶﾁｮｳﾐｿﾞﾀﾆ,京都府,京丹後市,弥栄町溝谷,0,0,0,0,0,0
26212,62701,6270112,ｷｮｳﾄﾌ,ｷｮｳﾀﾝｺﾞｼ,ﾔｻｶﾁｮｳﾄｳﾗｸｼﾞ,京都府,京丹後市,弥栄町等楽寺,0,0,0,0,0,0
26212,62701,6270121,ｷｮｳﾄﾌ,ｷｮｳﾀﾝｺﾞｼ,ﾔｻｶﾁｮｳﾂﾂﾐ,京都府,京丹後市,弥栄町堤,0,0,0,0,0,0
26212,62701,6270122,ｷｮｳﾄﾌ,ｷｮｳﾀﾝｺﾞｼ,ﾔｻｶﾁｮｳｲﾓﾉ,京都府,京丹後市,弥栄町芋野,0,0,0,0,0,0
26212,62701,6270123,ｷｮｳﾄﾌ,ｷｮｳﾀﾝｺﾞｼ,ﾔｻｶﾁｮｳﾖｼｻﾜ,京都府,京丹後市,弥栄町吉沢,0,0,0,0,0,0
26212,62701,6270131,ｷｮｳﾄﾌ,ｷｮｳﾀﾝｺﾞｼ,ﾔｻｶﾁｮｳﾜﾀﾞﾉ,京都府,京丹後市,弥栄町和田野,0,0,0,0,0,0
26212,62701,6270132,ｷｮｳﾄﾌ,ｷｮｳﾀﾝｺﾞｼ,ﾔｻｶﾁｮｳｷﾊﾞｼ,京都府,京丹後市,弥栄町木橋,0,0,0,0,0,0
26212,62701,6270133,ｷｮｳﾄﾌ,ｷｮｳﾀﾝｺﾞｼ,ﾔｻｶﾁｮｳﾄｯﾄﾘ,京都府,京丹後市,弥栄町鳥取,0,0,0,0,0,0
26212,62701,6270141,ｷｮｳﾄﾌ,ｷｮｳﾀﾝｺﾞｼ,ﾔｻｶﾁｮｳｺﾀﾞ,京都府,京丹後市,弥栄町小田,0,0,0,0,0,0
26212,62701,6270142,ｷｮｳﾄﾌ,ｷｮｳﾀﾝｺﾞｼ,ﾔｻｶﾁｮｳｸﾛﾍﾞ,京都府,京丹後市,弥栄町黒部,0,0,0,0,0,0
26212,62701,6270143,ｷｮｳﾄﾌ,ｷｮｳﾀﾝｺﾞｼ,ﾔｻｶﾁｮｳﾌﾅｷ,京都府,京丹後市,弥栄町船木,0,0,0,0,0,0
26212,62701,6270144,ｷｮｳﾄﾌ,ｷｮｳﾀﾝｺﾞｼ,ﾔｻｶﾁｮｳｲﾉﾍﾞ,京都府,京丹後市,弥栄町井辺,0,0,0,0,0,0
26212,62701,6270145,ｷｮｳﾄﾌ,ｷｮｳﾀﾝｺﾞｼ,ﾔｻｶﾁｮｳｸﾆﾋｻ,京都府,京丹後市,弥栄町国久,0,0,0,0,0,0
26212,62702,6270201,ｷｮｳﾄﾌ,ｷｮｳﾀﾝｺﾞｼ,ﾀﾝｺﾞﾁｮｳﾀｲｻﾞ,京都府,京丹後市,丹後町間人,0,0,0,0,0,0
26212,62702,6270202,ｷｮｳﾄﾌ,ｷｮｳﾀﾝｺﾞｼ,ﾀﾝｺﾞﾁｮｳｽﾅｶﾞﾀ,京都府,京丹後市,丹後町砂方,0,0,0,0,0,0
26212,62702,6270211,ｷｮｳﾄﾌ,ｷｮｳﾀﾝｺﾞｼ,ﾀﾝｺﾞﾁｮｳｵｵﾔﾏ,京都府,京丹後市,丹後町大山,0,0,0,0,0,0
26212,62702,6270212,ｷｮｳﾄﾌ,ｷｮｳﾀﾝｺﾞｼ,ﾀﾝｺﾞﾁｮｳﾐﾔｹ,京都府,京丹後市,丹後町三宅,0,0,0,0,0,0
26212,62702,6270213,ｷｮｳﾄﾌ,ｷｮｳﾀﾝｺﾞｼ,ﾀﾝｺﾞﾁｮｳﾖｼﾅｶﾞ,京都府,京丹後市,丹後町吉永,0,0,0,0,0,0
26212,62702,6270214,ｷｮｳﾄﾌ,ｷｮｳﾀﾝｺﾞｼ,ﾀﾝｺﾞﾁｮｳｺﾚﾔｽ,京都府,京丹後市,丹後町是安,0,0,0,0,0,0
26212,62702,6270215,ｷｮｳﾄﾌ,ｷｮｳﾀﾝｺﾞｼ,ﾀﾝｺﾞﾁｮｳｼﾞｮｳｶﾞﾝｼﾞ,京都府,京丹後市,丹後町成願寺,0,0,0,0,0,0
26212,62702,6270216,ｷｮｳﾄﾌ,ｷｮｳﾀﾝｺﾞｼ,ﾀﾝｺﾞﾁｮｳﾄｸﾐﾂ,京都府,京丹後市,丹後町徳光,0,0,0,0,0,0
26212,62702,6270221,ｷｮｳﾄﾌ,ｷｮｳﾀﾝｺﾞｼ,ﾀﾝｺﾞﾁｮｳﾀｶﾉ,京都府,京丹後市,丹後町竹野,0,0,0,0,0,0
26212,62702,6270222,ｷｮｳﾄﾌ,ｷｮｳﾀﾝｺﾞｼ,ﾀﾝｺﾞﾁｮｳﾌﾃﾞｼ,京都府,京丹後市,丹後町筆石,0,0,0,0,0,0
26212,62702,6270223,ｷｮｳﾄﾌ,ｷｮｳﾀﾝｺﾞｼ,ﾀﾝｺﾞﾁｮｳﾔﾊﾞﾀ,京都府,京丹後市,丹後町矢畑,0,0,0,0,0,0
26212,62702,6270224,ｷｮｳﾄﾌ,ｷｮｳﾀﾝｺﾞｼ,ﾀﾝｺﾞﾁｮｳｲﾜｷ,京都府,京丹後市,丹後町岩木,0,0,0,0,0,0
26212,62702,6270225,ｷｮｳﾄﾌ,ｷｮｳﾀﾝｺﾞｼ,ﾀﾝｺﾞﾁｮｳｶﾞﾝｺﾞｳｼﾞ,京都府,京丹後市,丹後町願興寺,0,0,0,0,0,0
26212,62702,6270226,ｷｮｳﾄﾌ,ｷｮｳﾀﾝｺﾞｼ,ﾀﾝｺﾞﾁｮｳﾏｷﾉﾀﾆ,京都府,京丹後市,丹後町牧ノ谷,0,0,0,0,0,0
26212,62702,6270227,ｷｮｳﾄﾌ,ｷｮｳﾀﾝｺﾞｼ,ﾀﾝｺﾞﾁｮｳｲｴﾉﾀﾆ,京都府,京丹後市,丹後町家ノ谷,0,0,0,0,0,0
26212,62702,6270228,ｷｮｳﾄﾌ,ｷｮｳﾀﾝｺﾞｼ,ﾀﾝｺﾞﾁｮｳﾐﾔ,京都府,京丹後市,丹後町宮,0,0,0,0,0,0
26212,62702,6270231,ｷｮｳﾄﾌ,ｷｮｳﾀﾝｺﾞｼ,ﾀﾝｺﾞﾁｮｳﾉﾝﾊﾞﾗ,京都府,京丹後市,丹後町乗原,0,0,0,0,0,0
26212,62702,6270232,ｷｮｳﾄﾌ,ｷｮｳﾀﾝｺﾞｼ,ﾀﾝｺﾞﾁｮｳｺﾉｼﾛ,京都府,京丹後市,丹後町此代,0,0,0,0,0,0
26212,62702,6270233,ｷｮｳﾄﾌ,ｷｮｳﾀﾝｺﾞｼ,ﾀﾝｺﾞﾁｮｳﾍｲ,京都府,京丹後市,丹後町平,0,0,0,0,0,0
26212,62702,6270234,ｷｮｳﾄﾌ,ｷｮｳﾀﾝｺﾞｼ,ﾀﾝｺﾞﾁｮｳﾅｶﾉ,京都府,京丹後市,丹後町中野,0,0,0,0,0,0
26212,62702,6270235,ｷｮｳﾄﾌ,ｷｮｳﾀﾝｺﾞｼ,ﾀﾝｺﾞﾁｮｳｲﾉｳｴ,京都府,京丹後市,丹後町井上,0,0,0,0,0,0
26212,62702,6270236,ｷｮｳﾄﾌ,ｷｮｳﾀﾝｺﾞｼ,ﾀﾝｺﾞﾁｮｳﾊﾀ,京都府,京丹後市,丹後町畑,0,0,0,0,0,0
26212,62702,6270237,ｷｮｳﾄﾌ,ｷｮｳﾀﾝｺﾞｼ,ﾀﾝｺﾞﾁｮｳｲﾀﾞﾆ,京都府,京丹後市,丹後町井谷,0,0,0,0,0,0
26212,62702,6270238,ｷｮｳﾄﾌ,ｷｮｳﾀﾝｺﾞｼ,ﾀﾝｺﾞﾁｮｳｸﾗｳﾁ,京都府,京丹後市,丹後町鞍内,0,0,0,0,0,0
26212,62702,6270239,ｷｮｳﾄﾌ,ｷｮｳﾀﾝｺﾞｼ,ﾀﾝｺﾞﾁｮｳｵﾝｹﾞ,京都府,京丹後市,丹後町遠下,0,0,0,0,0,0
26212,62702,6270241,ｷｮｳﾄﾌ,ｷｮｳﾀﾝｺﾞｼ,ﾀﾝｺﾞﾁｮｳｳｴﾉ,京都府,京丹後市,丹後町上野,0,0,0,0,0,0
26212,62702,6270242,ｷｮｳﾄﾌ,ｷｮｳﾀﾝｺﾞｼ,ﾀﾝｺﾞﾁｮｳｷｭｳｿ,京都府,京丹後市,丹後町久僧,0,0,0,0,0,0
26212,62702,6270243,ｷｮｳﾄﾌ,ｷｮｳﾀﾝｺﾞｼ,ﾀﾝｺﾞﾁｮｳﾅｶﾊﾏ,京都府,京丹後市,丹後町中浜,0,0,0,0,0,0
26212,62702,6270244,ｷｮｳﾄﾌ,ｷｮｳﾀﾝｺﾞｼ,ﾀﾝｺﾞﾁｮｳｵﾜ,京都府,京丹後市,丹後町尾和,0,0,0,0,0,0
26212,62702,6270245,ｷｮｳﾄﾌ,ｷｮｳﾀﾝｺﾞｼ,ﾀﾝｺﾞﾁｮｳｿﾃﾞｼ,京都府,京丹後市,丹後町袖志,0,0,0,0,0,0
26212,62702,6270246,ｷｮｳﾄﾌ,ｷｮｳﾀﾝｺﾞｼ,ﾀﾝｺﾞﾁｮｳﾀﾆｳﾁ,京都府,京丹後市,丹後町谷内,0,0,0,0,0,0
26212,62702,6270247,ｷｮｳﾄﾌ,ｷｮｳﾀﾝｺﾞｼ,ﾀﾝｺﾞﾁｮｳｳｴﾔﾏ,京都府,京丹後市,丹後町上山,0,0,0,0,0,0
26212,62702,6270248,ｷｮｳﾄﾌ,ｷｮｳﾀﾝｺﾞｼ,ﾀﾝｺﾞﾁｮｳｲｶﾘ,京都府,京丹後市,丹後町碇,0,0,0,0,0,0
26212,62702,6270249,ｷｮｳﾄﾌ,ｷｮｳﾀﾝｺﾞｼ,ﾀﾝｺﾞﾁｮｳﾐﾔﾏ,京都府,京丹後市,丹後町三山,0,0,0,0,0,0
26213,62901,6290101,ｷｮｳﾄﾌ,ﾅﾝﾀﾝｼ,ﾔｷﾞﾁｮｳﾌﾅｴﾀﾞ,京都府,南丹市,八木町船枝,0,1,0,0,0,0
26213,62901,6290102,ｷｮｳﾄﾌ,ﾅﾝﾀﾝｼ,ﾔｷﾞﾁｮｳﾑﾛﾊｼ,京都府,南丹市,八木町室橋,0,1,0,0,0,0
26213,62901,6290103,ｷｮｳﾄﾌ,ﾅﾝﾀﾝｼ,ﾔｷﾞﾁｮｳﾓﾛﾊﾀ,京都府,南丹市,八木町諸畑,0,1,0,0,0,0
26213,62901,6290104,ｷｮｳﾄﾌ,ﾅﾝﾀﾝｼ,ﾔｷﾞﾁｮｳﾋｵｷ,京都府,南丹市,八木町日置,0,1,0,0,0,0
26213,62901,6290111,ｷｮｳﾄﾌ,ﾅﾝﾀﾝｼ,ﾔｷﾞﾁｮｳﾉｼﾞｮｳ,京都府,南丹市,八木町野条,0,1,0,0,0,0
26213,62901,6290112,ｷｮｳﾄﾌ,ﾅﾝﾀﾝｼ,ﾔｷﾞﾁｮｳｲｹｶﾞﾐ,京都府,南丹市,八木町池上,0,1,0,0,0,0
26213,62901,6290113,ｷｮｳﾄﾌ,ﾅﾝﾀﾝｼ,ﾔｷﾞﾁｮｳｵｻﾍﾞ,京都府,南丹市,八木町刑部,0,1,0,0,0,0
26213,62901,6290114,ｷｮｳﾄﾌ,ﾅﾝﾀﾝｼ,ﾔｷﾞﾁｮｳｷﾀﾋﾛｾ,京都府,南丹市,八木町北廣瀬,0,1,0,0,0,0
26213,62901,6290115,ｷｮｳﾄﾌ,ﾅﾝﾀﾝｼ,ﾔｷﾞﾁｮｳﾔﾏﾑﾛ,京都府,南丹市,八木町山室,0,1,0,0,0,0
26213,62901,6290121,ｷｮｳﾄﾌ,ﾅﾝﾀﾝｼ,ﾔｷﾞﾁｮｳﾋﾄﾞｺﾛ,京都府,南丹市,八木町氷所,0,1,0,0,0,0
26213,62901,6290122,ｷｮｳﾄﾌ,ﾅﾝﾀﾝｼ,ﾔｷﾞﾁｮｳｱｵﾄ,京都府,南丹市,八木町青戸,0,1,0,0,0,0
26213,62901,6290131,ｷｮｳﾄﾌ,ﾅﾝﾀﾝｼ,ﾔｷﾞﾁｮｳｷﾀﾔｶﾞ,京都府,南丹市,八木町北屋賀,0,1,0,0,0,0
26213,62901,6290132,ｷｮｳﾄﾌ,ﾅﾝﾀﾝｼ,ﾔｷﾞﾁｮｳﾔｶﾞ,京都府,南丹市,八木町屋賀,0,1,0,0,0,0
26213,62901,6290133,ｷｮｳﾄﾌ,ﾅﾝﾀﾝｼ,ﾔｷﾞﾁｮｳｶﾝｵﾝｼﾞ,京都府,南丹市,八木町観音寺,0,1,0,0,0,0
26213,62901,6290134,ｷｮｳﾄﾌ,ﾅﾝﾀﾝｼ,ﾔｷﾞﾁｮｳﾆｼﾀﾞ,京都府,南丹市,八木町西田,0,1,0,0,0,0
26213,62901,6290141,ｷｮｳﾄﾌ,ﾅﾝﾀﾝｼ,ﾔｷﾞﾁｮｳﾔｷﾞ,京都府,南丹市,八木町八木,0,1,0,0,0,0
26213,62901,6290151,ｷｮｳﾄﾌ,ﾅﾝﾀﾝｼ,ﾔｷﾞﾁｮｳﾐﾅﾐﾋﾛｾ,京都府,南丹市,八木町南廣瀬,0,1,0,0,0,0
26213,62901,6290152,ｷｮｳﾄﾌ,ﾅﾝﾀﾝｼ,ﾔｷﾞﾁｮｳｵｵﾔﾌﾞ,京都府,南丹市,八木町大藪,0,1,0,0,0,0
26213,62901,6290153,ｷｮｳﾄﾌ,ﾅﾝﾀﾝｼ,ﾔｷﾞﾁｮｳﾔｷﾞﾉｼﾏ,京都府,南丹市,八木町八木嶋,0,1,0,0,0,0
26213,62901,6290154,ｷｮｳﾄﾌ,ﾅﾝﾀﾝｼ,ﾔｷﾞﾁｮｳｼﾊﾞﾔﾏ,京都府,南丹市,八木町柴山,0,1,0,0,0,0
26213,62901,6290161,ｷｮｳﾄﾌ,ﾅﾝﾀﾝｼ,ﾔｷﾞﾁｮｳﾐｻﾄ,京都府,南丹市,八木町美里,0,1,0,0,0,0
26213,62901,6290162,ｷｮｳﾄﾌ,ﾅﾝﾀﾝｼ,ﾔｷﾞﾁｮｳﾄﾊﾞ,京都府,南丹市,八木町鳥羽,0,1,0,0,0,0
26213,62901,6290163,ｷｮｳﾄﾌ,ﾅﾝﾀﾝｼ,ﾔｷﾞﾁｮｳﾀﾏﾉｲ,京都府,南丹市,八木町玉ノ井,0,1,0,0,0,0
26213,62901,6290164,ｷｮｳﾄﾌ,ﾅﾝﾀﾝｼ,ﾔｷﾞﾁｮｳｲｹﾉｳﾁ,京都府,南丹市,八木町池ノ内,0,1,0,0,0,0
26213,62901,6290165,ｷｮｳﾄﾌ,ﾅﾝﾀﾝｼ,ﾔｷﾞﾁｮｳｷﾜﾗ,京都府,南丹市,八木町木原,0,1,0,0,0,0
26213,62901,6290166,ｷｮｳﾄﾌ,ﾅﾝﾀﾝｼ,ﾔｷﾞﾁｮｳﾑﾛｶﾞﾜﾗ,京都府,南丹市,八木町室河原,0,1,0,0,0,0
26213,62902,6290271,ｷｮｳﾄﾌ,ﾅﾝﾀﾝｼ,ﾔｷﾞﾁｮｳｶﾐﾖｼ,京都府,南丹市,八木町神吉,0,1,0,0,0,0
26213,62903,6290301,ｷｮｳﾄﾌ,ﾅﾝﾀﾝｼ,ﾋﾖｼﾁｮｳﾎﾉﾀﾞ,京都府,南丹市,日吉町保野田,0,1,0,0,0,0
26213,62903,6290302,ｷｮｳﾄﾌ,ﾅﾝﾀﾝｼ,ﾋﾖｼﾁｮｳｼﾜｶﾞ,京都府,南丹市,日吉町志和賀,0,1,0,0,0,0
26213,62903,6290311,ｷｮｳﾄﾌ,ﾅﾝﾀﾝｼ,ﾋﾖｼﾁｮｳｺﾞﾏ,京都府,南丹市,日吉町胡麻,0,1,0,0,0,0
26213,62903,6290312,ｷｮｳﾄﾌ,ﾅﾝﾀﾝｼ,ﾋﾖｼﾁｮｳｶﾐｺﾞﾏ,京都府,南丹市,日吉町上胡麻,0,1,0,0,0,0
26213,62903,6290313,ｷｮｳﾄﾌ,ﾅﾝﾀﾝｼ,ﾋﾖｼﾁｮｳﾊﾀｺﾞｳ,京都府,南丹市,日吉町畑郷,0,1,0,0,0,0
26213,62903,6290321,ｷｮｳﾄﾌ,ﾅﾝﾀﾝｼ,ﾋﾖｼﾁｮｳｻｻｴ,京都府,南丹市,日吉町佐々江,0,1,0,0,0,0
26213,62903,6290322,ｷｮｳﾄﾌ,ﾅﾝﾀﾝｼ,ﾋﾖｼﾁｮｳﾖﾂﾔ,京都府,南丹市,日吉町四ツ谷,0,1,0,0,0,0
26213,62903,6290323,ｷｮｳﾄﾌ,ﾅﾝﾀﾝｼ,ﾋﾖｼﾁｮｳﾀﾜﾗ,京都府,南丹市,日吉町田原,0,1,0,0,0,0
26213,62903,6290331,ｷｮｳﾄﾌ,ﾅﾝﾀﾝｼ,ﾋﾖｼﾁｮｳｷﾊﾀ,京都府,南丹市,日吉町生畑,0,1,0,0,0,0
26213,62903,6290332,ｷｮｳﾄﾌ,ﾅﾝﾀﾝｼ,ﾋﾖｼﾁｮｳｺｽﾞﾐ,京都府,南丹市,日吉町木住,0,1,0,0,0,0
26213,62903,6290333,ｷｮｳﾄﾌ,ﾅﾝﾀﾝｼ,ﾋﾖｼﾁｮｳﾅｶｾｷ,京都府,南丹市,日吉町中世木,0,1,0,0,0,0
26213,62903,6290334,ｷｮｳﾄﾌ,ﾅﾝﾀﾝｼ,ﾋﾖｼﾁｮｳｱﾏﾜｶ,京都府,南丹市,日吉町天若,0,1,0,0,0,0
26213,62903,6290335,ｷｮｳﾄﾌ,ﾅﾝﾀﾝｼ,ﾋﾖｼﾁｮｳﾅｶ,京都府,南丹市,日吉町中,0,1,0,0,0,0
26213,62903,6290341,ｷｮｳﾄﾌ,ﾅﾝﾀﾝｼ,ﾋﾖｼﾁｮｳﾄﾉﾀﾞ,京都府,南丹市,日吉町殿田,0,1,0,0,0,0
26407,62911,6291101,ｷｮｳﾄﾌ,ﾌﾅｲｸﾞﾝｷｮｳﾀﾝﾊﾞﾁｮｳ,ﾎﾄﾞｽ,京都府,船井郡京丹波町,仏主,0,1,0,0,0,0
26407,62911,6291102,ｷｮｳﾄﾌ,ﾌﾅｲｸﾞﾝｷｮｳﾀﾝﾊﾞﾁｮｳ,ｶﾐｵﾄﾐ,京都府,船井郡京丹波町,上乙見,0,1,0,0,0,0
26407,62911,6291103,ｷｮｳﾄﾌ,ﾌﾅｲｸﾞﾝｷｮｳﾀﾝﾊﾞﾁｮｳ,ｼﾓｵﾄﾐ,京都府,船井郡京丹波町,下乙見,0,1,0,0,0,0
26407,62911,6291104,ｷｮｳﾄﾌ,ﾌﾅｲｸﾞﾝｷｮｳﾀﾝﾊﾞﾁｮｳ,ｼﾉﾊﾗ,京都府,船井郡京丹波町,篠原,0,1,0,0,0,0
26407,62911,6291105,ｷｮｳﾄﾌ,ﾌﾅｲｸﾞﾝｷｮｳﾀﾝﾊﾞﾁｮｳ,ｼﾓｱﾜﾉ,京都府,船井郡京丹波町,下粟野,0,1,0,0,0,0
26407,62911,6291106,ｷｮｳﾄﾌ,ﾌﾅｲｸﾞﾝｷｮｳﾀﾝﾊﾞﾁｮｳ,ﾎｿﾀﾆ,京都府,船井郡京丹波町,細谷,0,1,0,0,0,0
26407,62911,6291107,ｷｮｳﾄﾌ,ﾌﾅｲｸﾞﾝｷｮｳﾀﾝﾊﾞﾁｮｳ,ﾆｼｶﾜｳﾁ,京都府,船井郡京丹波町,西河内,0,1,0,0,0,0
26407,62911,6291108,ｷｮｳﾄﾌ,ﾌﾅｲｸﾞﾝｷｮｳﾀﾝﾊﾞﾁｮｳ,ｶﾐｱﾜﾉ,京都府,船井郡京丹波町,上粟野,0,1,0,0,0,0
26407,62911,6291111,ｷｮｳﾄﾌ,ﾌﾅｲｸﾞﾝｷｮｳﾀﾝﾊﾞﾁｮｳ,ｵｵｻｺ,京都府,船井郡京丹波町,大迫,0,1,0,0,0,0
26407,62911,6291112,ｷｮｳﾄﾌ,ﾌﾅｲｸﾞﾝｷｮｳﾀﾝﾊﾞﾁｮｳ,ｼｵﾀﾆ,京都府,船井郡京丹波町,塩谷,0,1,0,0,0,0
26407,62911,6291113,ｷｮｳﾄﾌ,ﾌﾅｲｸﾞﾝｷｮｳﾀﾝﾊﾞﾁｮｳ,ﾅｶﾞｾ,京都府,船井郡京丹波町,長瀬,0,1,0,0,0,0
26407,62911,6291114,ｷｮｳﾄﾌ,ﾌﾅｲｸﾞﾝｷｮｳﾀﾝﾊﾞﾁｮｳ,ﾏｽﾀﾆ,京都府,船井郡京丹波町,升谷,0,1,0,0,0,0
26407,62911,6291115,ｷｮｳﾄﾌ,ﾌﾅｲｸﾞﾝｷｮｳﾀﾝﾊﾞﾁｮｳ,ﾅｶﾔﾏ,京都府,船井郡京丹波町,中山,0,1,0,0,0,0
26407,62911,6291116,ｷｮｳﾄﾌ,ﾌﾅｲｸﾞﾝｷｮｳﾀﾝﾊﾞﾁｮｳ,ｲﾁﾊﾞ,京都府,船井郡京丹波町,市場,0,1,0,0,0,0
26407,62911,6291117,ｷｮｳﾄﾌ,ﾌﾅｲｸﾞﾝｷｮｳﾀﾝﾊﾞﾁｮｳ,ｵｵｸﾗ,京都府,船井郡京丹波町,大倉,0,1,0,0,0,0
26407,62911,6291121,ｷｮｳﾄﾌ,ﾌﾅｲｸﾞﾝｷｮｳﾀﾝﾊﾞﾁｮｳ,ﾎﾝｼﾞｮｳ,京都府,船井郡京丹波町,本庄,0,1,0,0,0,0
26407,62911,6291122,ｷｮｳﾄﾌ,ﾌﾅｲｸﾞﾝｷｮｳﾀﾝﾊﾞﾁｮｳ,ｵﾊﾞﾀ,京都府,船井郡京丹波町,小畑,0,1,0,0,0,0
26407,62911,6291131,ｷｮｳﾄﾌ,ﾌﾅｲｸﾞﾝｷｮｳﾀﾝﾊﾞﾁｮｳ,ｻｶﾊﾞﾗ,京都府,船井郡京丹波町,坂原,0,1,0,0,0,0
26407,62911,6291132,ｷｮｳﾄﾌ,ﾌﾅｲｸﾞﾝｷｮｳﾀﾝﾊﾞﾁｮｳ,ﾅｶ,京都府,船井郡京丹波町,中,0,1,0,0,0,0
26407,62911,6291133,ｷｮｳﾄﾌ,ﾌﾅｲｸﾞﾝｷｮｳﾀﾝﾊﾞﾁｮｳ,ｶﾄﾞ,京都府,船井郡京丹波町,角,0,1,0,0,0,0
26407,62911,6291134,ｷｮｳﾄﾌ,ﾌﾅｲｸﾞﾝｷｮｳﾀﾝﾊﾞﾁｮｳ,ﾋﾛｾ,京都府,船井郡京丹波町,広瀬,0,1,0,0,0,0
26407,62911,6291135,ｷｮｳﾄﾌ,ﾌﾅｲｸﾞﾝｷｮｳﾀﾝﾊﾞﾁｮｳ,ｻｲﾊﾞﾗ,京都府,船井郡京丹波町,才原,0,1,0,0,0,0
26407,62911,6291141,ｷｮｳﾄﾌ,ﾌﾅｲｸﾞﾝｷｮｳﾀﾝﾊﾞﾁｮｳ,ｱｾﾘ,京都府,船井郡京丹波町,安栖里,0,1,0,0,0,0
26407,62911,6291142,ｷｮｳﾄﾌ,ﾌﾅｲｸﾞﾝｷｮｳﾀﾝﾊﾞﾁｮｳ,ｲﾅﾂｷﾞ,京都府,船井郡京丹波町,稲次,0,1,0,0,0,0
26407,62911,6291143,ｷｮｳﾄﾌ,ﾌﾅｲｸﾞﾝｷｮｳﾀﾝﾊﾞﾁｮｳ,ｲﾃﾞﾉ,京都府,船井郡京丹波町,出野,0,1,0,0,0,0
26407,62911,6291144,ｷｮｳﾄﾌ,ﾌﾅｲｸﾞﾝｷｮｳﾀﾝﾊﾞﾁｮｳ,ﾋﾛﾉ,京都府,船井郡京丹波町,広野,0,1,0,0,0,0
26407,62911,6291145,ｷｮｳﾄﾌ,ﾌﾅｲｸﾞﾝｷｮｳﾀﾝﾊﾞﾁｮｳ,ｵｵﾐｽ,京都府,船井郡京丹波町,大簾,0,1,0,0,0,0
26203,62912,6291241,ｷｮｳﾄﾌ,ｱﾔﾍﾞｼ,ｲﾈﾁｮｳ,京都府,綾部市,井根町,0,0,0,0,0,0
26203,62912,6291242,ｷｮｳﾄﾌ,ｱﾔﾍﾞｼ,ﾄｸﾗﾅﾊﾞﾀｹﾁｮｳ,京都府,綾部市,十倉名畑町,0,0,0,0,0,0
26203,62912,6291243,ｷｮｳﾄﾌ,ｱﾔﾍﾞｼ,ﾄｸﾗﾑｶｲﾁｮｳ,京都府,綾部市,十倉向町,0,0,0,0,0,0
26203,62912,6291244,ｷｮｳﾄﾌ,ｱﾔﾍﾞｼ,ﾄｸﾗﾅｶﾏﾁ,京都府,綾部市,十倉中町,0,0,0,0,0,0
26203,62912,6291245,ｷｮｳﾄﾌ,ｱﾔﾍﾞｼ,ﾄｸﾗｼﾓﾁｮｳ,京都府,綾部市,十倉志茂町,0,0,0,0,0,0
26203,62912,6291251,ｷｮｳﾄﾌ,ｱﾔﾍﾞｼ,ﾀﾀﾞﾁｮｳ,京都府,綾部市,忠町,0,0,0,0,0,0
26203,62912,6291252,ｷｮｳﾄﾌ,ｱﾔﾍﾞｼ,ﾂｸﾀﾞﾁｮｳ,京都府,綾部市,佃町,0,0,0,0,0,0
26203,62912,6291253,ｷｮｳﾄﾌ,ｱﾔﾍﾞｼ,ﾀｹﾖｼﾁｮｳ,京都府,綾部市,武吉町,0,0,0,0,0,0
26203,62912,6291254,ｷｮｳﾄﾌ,ｱﾔﾍﾞｼ,ｶﾏﾉﾜﾁｮｳ,京都府,綾部市,釜輪町,0,0,0,0,0,0
26203,62912,6291255,ｷｮｳﾄﾌ,ｱﾔﾍﾞｼ,ﾄﾅｾﾁｮｳ,京都府,綾部市,戸奈瀬町,0,0,0,0,0,0
26203,62912,6291256,ｷｮｳﾄﾌ,ｱﾔﾍﾞｼ,ﾋﾛｾﾁｮｳ,京都府,綾部市,広瀬町,0,0,0,0,0,0
26203,62912,6291257,ｷｮｳﾄﾌ,ｱﾔﾍﾞｼ,ﾊｼｶﾐﾁｮｳ,京都府,綾部市,橋上町,0,0,0,0,0,0
26203,62912,6291261,ｷｮｳﾄﾌ,ｱﾔﾍﾞｼ,ｱｻﾋﾁｮｳ,京都府,綾部市,旭町,0,0,0,0,0,0
26203,62912,6291262,ｷｮｳﾄﾌ,ｱﾔﾍﾞｼ,ﾋｶﾞｼﾔﾏﾁｮｳ,京都府,綾部市,東山町,0,0,0,0,0,0
26203,62912,6291263,ｷｮｳﾄﾌ,ｱﾔﾍﾞｼ,ﾀｶﾉｽﾁｮｳ,京都府,綾部市,鷹栖町,0,0,0,0,0,0
26203,62912,6291264,ｷｮｳﾄﾌ,ｱﾔﾍﾞｼ,ﾆｼﾊﾞﾗﾁｮｳ,京都府,綾部市,西原町,0,0,0,0,0,0
26203,62912,6291271,ｷｮｳﾄﾌ,ｱﾔﾍﾞｼ,ｶﾝﾊﾞﾗﾁｮｳ,京都府,綾部市,上原町,0,0,0,0,0,0
26203,62912,6291272,ｷｮｳﾄﾌ,ｱﾔﾍﾞｼ,ｼﾀﾉｶﾁﾁｮｳ,京都府,綾部市,下替地町,0,0,0,0,0,0
26203,62912,6291273,ｷｮｳﾄﾌ,ｱﾔﾍﾞｼ,ｼﾓﾊﾞﾗﾁｮｳ,京都府,綾部市,下原町,0,0,0,0,0,0
26203,62912,6291274,ｷｮｳﾄﾌ,ｱﾔﾍﾞｼ,ﾜｷﾞﾁｮｳ,京都府,綾部市,和木町,0,0,0,0,0,0
26201,62913,6291301,ｷｮｳﾄﾌ,ﾌｸﾁﾔﾏｼ,ﾔｸﾉﾁｮｳﾊﾀ,京都府,福知山市,夜久野町畑,0,0,0,0,0,0
26201,62913,6291302,ｷｮｳﾄﾌ,ﾌｸﾁﾔﾏｼ,ﾔｸﾉﾁｮｳｲﾏﾆｼﾅｶ,京都府,福知山市,夜久野町今西中,0,0,0,0,0,0
26201,62913,6291303,ｷｮｳﾄﾌ,ﾌｸﾁﾔﾏｼ,ﾔｸﾉﾁｮｳｲﾀﾞ,京都府,福知山市,夜久野町井田,0,0,0,0,0,0
26201,62913,6291304,ｷｮｳﾄﾌ,ﾌｸﾁﾔﾏｼ,ﾔｸﾉﾁｮｳﾇｶﾀ,京都府,福知山市,夜久野町額田,0,0,0,0,0,0
26201,62913,6291305,ｷｮｳﾄﾌ,ﾌｸﾁﾔﾏｼ,ﾔｸﾉﾁｮｳﾁﾊﾗ,京都府,福知山市,夜久野町千原,0,0,0,0,0,0
26201,62913,6291311,ｷｮｳﾄﾌ,ﾌｸﾁﾔﾏｼ,ﾔｸﾉﾁｮｳﾍｷ,京都府,福知山市,夜久野町日置,0,0,0,0,0,0
26201,62913,6291312,ｷｮｳﾄﾌ,ﾌｸﾁﾔﾏｼ,ﾔｸﾉﾁｮｳｽｴ,京都府,福知山市,夜久野町末,0,0,0,0,0,0
26201,62913,6291313,ｷｮｳﾄﾌ,ﾌｸﾁﾔﾏｼ,ﾔｸﾉﾁｮｳﾀｶｳﾁ,京都府,福知山市,夜久野町高内,0,0,0,0,0,0
26201,62913,6291314,ｷｮｳﾄﾌ,ﾌｸﾁﾔﾏｼ,ﾔｸﾉﾁｮｳｵｸﾞﾗ,京都府,福知山市,夜久野町小倉,0,0,0,0,0,0
26201,62913,6291315,ｷｮｳﾄﾌ,ﾌｸﾁﾔﾏｼ,ﾔｸﾉﾁｮｳｵﾕｺﾞ,京都府,福知山市,夜久野町大油子,0,0,0,0,0,0
26201,62913,6291321,ｷｮｳﾄﾌ,ﾌｸﾁﾔﾏｼ,ﾔｸﾉﾁｮｳﾅｵﾐ,京都府,福知山市,夜久野町直見,0,0,0,0,0,0
26201,62913,6291322,ｷｮｳﾄﾌ,ﾌｸﾁﾔﾏｼ,ﾔｸﾉﾁｮｳﾋﾗﾉ,京都府,福知山市,夜久野町平野,0,0,0,0,0,0
26201,62913,6291323,ｷｮｳﾄﾌ,ﾌｸﾁﾔﾏｼ,ﾔｸﾉﾁｮｳｲﾄｳ,京都府,福知山市,夜久野町板生,0,0,0,0,0,0
26465,62922,6292200,ｷｮｳﾄﾌ,ﾖｻｸﾞﾝﾖｻﾉﾁｮｳ,ｲｶﾆｹｲｻｲｶﾞﾅｲﾊﾞｱｲ,京都府,与謝郡与謝野町,以下に掲載がない場合,0,0,0,0,0,0
26205,62922,6292231,ｷｮｳﾄﾌ,ﾐﾔﾂﾞｼ,ｺﾏﾂ,京都府,宮津市,小松,0,0,0,0,0,0
26205,62922,6292232,ｷｮｳﾄﾌ,ﾐﾔﾂﾞｼ,ﾅｶﾉ,京都府,宮津市,中野,0,0,0,0,0,0
26205,62922,6292233,ｷｮｳﾄﾌ,ﾐﾔﾂﾞｼ,ﾐｿﾞｼﾘ,京都府,宮津市,溝尻,0,0,0,0,0,0
26205,62922,6292234,ｷｮｳﾄﾌ,ﾐﾔﾂﾞｼ,ｺｸﾌﾞﾝ,京都府,宮津市,国分,0,0,0,0,0,0
26205,62922,6292241,ｷｮｳﾄﾌ,ﾐﾔﾂﾞｼ,ﾅﾘｱｲｼﾞ,京都府,宮津市,成相寺,0,0,0,0,0,0
26205,62922,6292242,ｷｮｳﾄﾌ,ﾐﾔﾂﾞｼ,ｵｵｶﾞｷ,京都府,宮津市,大垣,0,0,0,0,0,0
26205,62922,6292243,ｷｮｳﾄﾌ,ﾐﾔﾂﾞｼ,ﾅﾝﾊﾞﾉ,京都府,宮津市,難波野,0,0,0,0,0,0
26205,62922,6292244,ｷｮｳﾄﾌ,ﾐﾔﾂﾞｼ,ｴｼﾞﾘ,京都府,宮津市,江尻,0,0,0,0,0,0
26205,62922,6292251,ｷｮｳﾄﾌ,ﾐﾔﾂﾞｼ,ｽﾂﾞ,京都府,宮津市,須津,0,0,0,0,0,0
26465,62922,6292261,ｷｮｳﾄﾌ,ﾖｻｸﾞﾝﾖｻﾉﾁｮｳ,ｵﾄｺﾔﾏ,京都府,与謝郡与謝野町,男山,0,0,0,0,0,0
26465,62922,6292262,ｷｮｳﾄﾌ,ﾖｻｸﾞﾝﾖｻﾉﾁｮｳ,ｲﾜﾀｷ,京都府,与謝郡与謝野町,岩滝,0,0,0,0,0,0
26465,62922,6292263,ｷｮｳﾄﾌ,ﾖｻｸﾞﾝﾖｻﾉﾁｮｳ,ﾕﾐｷ,京都府,与謝郡与謝野町,弓木,0,0,0,0,0,0
26465,62923,6292301,ｷｮｳﾄﾌ,ﾖｻｸﾞﾝﾖｻﾉﾁｮｳ,ｶﾐﾔﾏﾀﾞ,京都府,与謝郡与謝野町,上山田,0,0,0,0,0,0
26465,62923,6292302,ｷｮｳﾄﾌ,ﾖｻｸﾞﾝﾖｻﾉﾁｮｳ,ｼﾓﾔﾏﾀﾞ,京都府,与謝郡与謝野町,下山田,0,0,0,0,0,0
26465,62923,6292303,ｷｮｳﾄﾌ,ﾖｻｸﾞﾝﾖｻﾉﾁｮｳ,ｲｼｶﾜ,京都府,与謝郡与謝野町,石川,0,0,0,0,0,0
26465,62923,6292311,ｷｮｳﾄﾌ,ﾖｻｸﾞﾝﾖｻﾉﾁｮｳ,ｲｸｼﾞ,京都府,与謝郡与謝野町,幾地,0,0,0,0,0,0
26465,62923,6292312,ｷｮｳﾄﾌ,ﾖｻｸﾞﾝﾖｻﾉﾁｮｳ,ﾖﾂﾂｼﾞ,京都府,与謝郡与謝野町,四辻,0,0,0,0,0,0
26465,62923,6292313,ｷｮｳﾄﾌ,ﾖｻｸﾞﾝﾖｻﾉﾁｮｳ,ﾐｺﾞｳﾁ,京都府,与謝郡与謝野町,三河内,0,0,0,0,0,0
26465,62923,6292314,ｷｮｳﾄﾌ,ﾖｻｸﾞﾝﾖｻﾉﾁｮｳ,ｲﾜﾔ,京都府,与謝郡与謝野町,岩屋,0,0,0,0,0,0
26465,62924,6292401,ｷｮｳﾄﾌ,ﾖｻｸﾞﾝﾖｻﾉﾁｮｳ,ｶﾔｵｸ,京都府,与謝郡与謝野町,加悦奥,0,0,0,0,0,0
26465,62924,6292402,ｷｮｳﾄﾌ,ﾖｻｸﾞﾝﾖｻﾉﾁｮｳ,ｻﾝｼﾞｮ,京都府,与謝郡与謝野町,算所,0,0,0,0,0,0
26465,62924,6292403,ｷｮｳﾄﾌ,ﾖｻｸﾞﾝﾖｻﾉﾁｮｳ,ｶﾔ,京都府,与謝郡与謝野町,加悦,0,0,0,0,0,0
26465,62924,6292404,ｷｮｳﾄﾌ,ﾖｻｸﾞﾝﾖｻﾉﾁｮｳ,ｳｼﾛﾉ,京都府,与謝郡与謝野町,後野,0,0,0,0,0,0
26465,62924,6292411,ｷｮｳﾄﾌ,ﾖｻｸﾞﾝﾖｻﾉﾁｮｳ,ｱｹｼ,京都府,与謝郡与謝野町,明石,0,0,0,0,0,0
26465,62924,6292412,ｷｮｳﾄﾌ,ﾖｻｸﾞﾝﾖｻﾉﾁｮｳ,ｶｺﾞ,京都府,与謝郡与謝野町,香河,0,0,0,0,0,0
26465,62924,6292413,ｷｮｳﾄﾌ,ﾖｻｸﾞﾝﾖｻﾉﾁｮｳ,ｱﾂｴ,京都府,与謝郡与謝野町,温江,0,0,0,0,0,0
26465,62924,6292421,ｷｮｳﾄﾌ,ﾖｻｸﾞﾝﾖｻﾉﾁｮｳ,ｶﾅﾔ,京都府,与謝郡与謝野町,金屋,0,0,0,0,0,0
26465,62924,6292422,ｷｮｳﾄﾌ,ﾖｻｸﾞﾝﾖｻﾉﾁｮｳ,ﾀｷ,京都府,与謝郡与謝野町,滝,0,0,0,0,0,0
26465,62924,6292423,ｷｮｳﾄﾌ,ﾖｻｸﾞﾝﾖｻﾉﾁｮｳ,ﾖｻﾞ,京都府,与謝郡与謝野町,与謝,0,0,0,0,0,0
26212,62925,6292501,ｷｮｳﾄﾌ,ｷｮｳﾀﾝｺﾞｼ,ｵｵﾐﾔﾁｮｳｸﾁｵｵﾉ,京都府,京丹後市,大宮町口大野,0,0,0,0,0,0
26212,62925,6292502,ｷｮｳﾄﾌ,ｷｮｳﾀﾝｺﾞｼ,ｵｵﾐﾔﾁｮｳｺｳﾍﾞ,京都府,京丹後市,大宮町河辺,0,0,0,0,0,0
26212,62925,6292503,ｷｮｳﾄﾌ,ｷｮｳﾀﾝｺﾞｼ,ｵｵﾐﾔﾁｮｳｽｷ,京都府,京丹後市,大宮町周枳,0,0,0,0,0,0
26212,62925,6292504,ｷｮｳﾄﾌ,ｷｮｳﾀﾝｺﾞｼ,ｵｵﾐﾔﾁｮｳｾﾞﾝﾉｳｼﾞ,京都府,京丹後市,大宮町善王寺,0,0,0,0,0,0
26212,62925,6292511,ｷｮｳﾄﾌ,ｷｮｳﾀﾝｺﾞｼ,ｵｵﾐﾔﾁｮｳｸｽﾐ,京都府,京丹後市,大宮町久住,0,0,0,0,0,0
26212,62925,6292512,ｷｮｳﾄﾌ,ｷｮｳﾀﾝｺﾞｼ,ｵｵﾐﾔﾁｮｳｲｶｶﾞ,京都府,京丹後市,大宮町五十河,0,0,0,0,0,0
26212,62925,6292513,ｷｮｳﾄﾌ,ｷｮｳﾀﾝｺﾞｼ,ｵｵﾐﾔﾁｮｳﾉﾌﾞﾄｼ,京都府,京丹後市,大宮町延利,0,0,0,0,0,0
26212,62925,6292514,ｷｮｳﾄﾌ,ｷｮｳﾀﾝｺﾞｼ,ｵｵﾐﾔﾁｮｳｱｹﾀﾞ,京都府,京丹後市,大宮町明田,0,0,0,0,0,0
26212,62925,6292515,ｷｮｳﾄﾌ,ｷｮｳﾀﾝｺﾞｼ,ｵｵﾐﾔﾁｮｳｼﾝｸﾞｳ,京都府,京丹後市,大宮町新宮,0,0,0,0,0,0
26212,62925,6292521,ｷｮｳﾄﾌ,ｷｮｳﾀﾝｺﾞｼ,ｵｵﾐﾔﾁｮｳﾓﾘﾓﾄ,京都府,京丹後市,大宮町森本,0,0,0,0,0,0
26212,62925,6292522,ｷｮｳﾄﾌ,ｷｮｳﾀﾝｺﾞｼ,ｵｵﾐﾔﾁｮｳﾐｴ,京都府,京丹後市,大宮町三重,0,0,0,0,0,0
26212,62925,6292523,ｷｮｳﾄﾌ,ｷｮｳﾀﾝｺﾞｼ,ｵｵﾐﾔﾁｮｳﾐｻｶ,京都府,京丹後市,大宮町三坂,0,0,0,0,0,0
26212,62925,6292531,ｷｮｳﾄﾌ,ｷｮｳﾀﾝｺﾞｼ,ｵｵﾐﾔﾁｮｳｵｸｵｵﾉ,京都府,京丹後市,大宮町奥大野,0,0,0,0,0,0
26212,62925,6292532,ｷｮｳﾄﾌ,ｷｮｳﾀﾝｺﾞｼ,ｵｵﾐﾔﾁｮｳﾀﾆｳﾁ,京都府,京丹後市,大宮町谷内,0,0,0,0,0,0
26212,62925,6292533,ｷｮｳﾄﾌ,ｷｮｳﾀﾝｺﾞｼ,ｵｵﾐﾔﾁｮｳｶﾐﾂﾈﾖｼ,京都府,京丹後市,大宮町上常吉,0,0,0,0,0,0
26212,62925,6292534,ｷｮｳﾄﾌ,ｷｮｳﾀﾝｺﾞｼ,ｵｵﾐﾔﾁｮｳｼﾓﾂﾈﾖｼ,京都府,京丹後市,大宮町下常吉,0,0,0,0,0,0
26212,62931,6293101,ｷｮｳﾄﾌ,ｷｮｳﾀﾝｺﾞｼ,ｱﾐﾉﾁｮｳｱﾐﾉ,京都府,京丹後市,網野町網野,0,0,0,0,0,0
26212,62931,6293102,ｷｮｳﾄﾌ,ｷｮｳﾀﾝｺﾞｼ,ｱﾐﾉﾁｮｳｼﾓｵｶ,京都府,京丹後市,網野町下岡,0,0,0,0,0,0
26212,62931,6293103,ｷｮｳﾄﾌ,ｷｮｳﾀﾝｺﾞｼ,ｱﾐﾉﾁｮｳｲｿ,京都府,京丹後市,網野町磯,0,0,0,0,0,0
26212,62931,6293104,ｷｮｳﾄﾌ,ｷｮｳﾀﾝｺﾞｼ,ｱﾐﾉﾁｮｳｱｻﾓｶﾞﾜ,京都府,京丹後市,網野町浅茂川,0,0,0,0,0,0
26212,62931,6293111,ｷｮｳﾄﾌ,ｷｮｳﾀﾝｺﾞｼ,ｱﾐﾉﾁｮｳﾐﾂ,京都府,京丹後市,網野町三津,0,0,0,0,0,0
26212,62931,6293112,ｷｮｳﾄﾌ,ｷｮｳﾀﾝｺﾞｼ,ｱﾐﾉﾁｮｳｶｹﾂﾞ,京都府,京丹後市,網野町掛津,0,0,0,0,0,0
26212,62931,6293113,ｷｮｳﾄﾌ,ｷｮｳﾀﾝｺﾞｼ,ｱﾐﾉﾁｮｳｺﾊﾞﾏ,京都府,京丹後市,網野町小浜,0,0,0,0,0,0
26212,62931,6293121,ｷｮｳﾄﾌ,ｷｮｳﾀﾝｺﾞｼ,ｱﾐﾉﾁｮｳｼﾏﾂﾞ,京都府,京丹後市,網野町島津,0,0,0,0,0,0
26212,62931,6293122,ｷｮｳﾄﾌ,ｷｮｳﾀﾝｺﾞｼ,ｱﾐﾉﾁｮｳﾁｭｳｾﾞﾝｼﾞ,京都府,京丹後市,網野町仲禅寺,0,0,0,0,0,0
26212,62931,6293131,ｷｮｳﾄﾌ,ｷｮｳﾀﾝｺﾞｼ,ｱﾐﾉﾁｮｳﾀｶﾊｼ,京都府,京丹後市,網野町高橋,0,0,0,0,0,0
26212,62931,6293132,ｷｮｳﾄﾌ,ｷｮｳﾀﾝｺﾞｼ,ｱﾐﾉﾁｮｳｸﾞｼﾞｮｳ,京都府,京丹後市,網野町公庄,0,0,0,0,0,0
26212,62931,6293133,ｷｮｳﾄﾌ,ｷｮｳﾀﾝｺﾞｼ,ｱﾐﾉﾁｮｳｺﾞｳ,京都府,京丹後市,網野町郷,0,0,0,0,0,0
26212,62931,6293134,ｷｮｳﾄﾌ,ｷｮｳﾀﾝｺﾞｼ,ｱﾐﾉﾁｮｳｲｸﾉｳﾁ,京都府,京丹後市,網野町生野内,0,0,0,0,0,0
26212,62931,6293135,ｷｮｳﾄﾌ,ｷｮｳﾀﾝｺﾞｼ,ｱﾐﾉﾁｮｳｷﾘﾊﾀ,京都府,京丹後市,網野町切畑,0,0,0,0,0,0
26212,62931,6293136,ｷｮｳﾄﾌ,ｷｮｳﾀﾝｺﾞｼ,ｱﾐﾉﾁｮｳｼﾝｼﾞｮｳ,京都府,京丹後市,網野町新庄,0,0,0,0,0,0
26212,62932,6293241,ｷｮｳﾄﾌ,ｷｮｳﾀﾝｺﾞｼ,ｱﾐﾉﾁｮｳｷﾂ,京都府,京丹後市,網野町木津,0,0,0,0,0,0
26212,62932,6293242,ｷｮｳﾄﾌ,ｷｮｳﾀﾝｺﾞｼ,ｱﾐﾉﾁｮｳﾋﾜﾀﾞ,京都府,京丹後市,網野町日和田,0,0,0,0,0,0
26212,62932,6293243,ｷｮｳﾄﾌ,ｷｮｳﾀﾝｺﾞｼ,ｱﾐﾉﾁｮｳﾐｿﾞﾉ,京都府,京丹後市,網野町溝野,0,0,0,0,0,0
26212,62932,6293244,ｷｮｳﾄﾌ,ｷｮｳﾀﾝｺﾞｼ,ｱﾐﾉﾁｮｳﾀﾜﾗﾉ,京都府,京丹後市,網野町俵野,0,0,0,0,0,0
26212,62932,6293245,ｷｮｳﾄﾌ,ｷｮｳﾀﾝｺﾞｼ,ｱﾐﾉﾁｮｳﾊﾏﾂﾞﾒ,京都府,京丹後市,網野町浜詰,0,0,0,0,0,0
26212,62932,6293246,ｷｮｳﾄﾌ,ｷｮｳﾀﾝｺﾞｼ,ｱﾐﾉﾁｮｳｼｵｴ,京都府,京丹後市,網野町塩江,0,0,0,0,0,0
26212,62934,6293401,ｷｮｳﾄﾌ,ｷｮｳﾀﾝｺﾞｼ,ｸﾐﾊﾏﾁｮｳｼﾞｭｳﾗｸ,京都府,京丹後市,久美浜町十楽,0,0,0,0,0,0
26212,62934,6293402,ｷｮｳﾄﾌ,ｷｮｳﾀﾝｺﾞｼ,ｸﾐﾊﾏﾁｮｳﾅｶﾏﾁ,京都府,京丹後市,久美浜町仲町,0,0,0,0,0,0
26212,62934,6293403,ｷｮｳﾄﾌ,ｷｮｳﾀﾝｺﾞｼ,ｸﾐﾊﾏﾁｮｳﾑｺｳﾏﾁ,京都府,京丹後市,久美浜町向町,0,0,0,0,0,0
26212,62934,6293404,ｷｮｳﾄﾌ,ｷｮｳﾀﾝｺﾞｼ,ｸﾐﾊﾏﾁｮｳﾄﾞｲ,京都府,京丹後市,久美浜町土居,0,0,0,0,0,0
26212,62934,6293405,ｷｮｳﾄﾌ,ｷｮｳﾀﾝｺﾞｼ,ｸﾐﾊﾏﾁｮｳｻｶｴﾏﾁ,京都府,京丹後市,久美浜町栄町,0,0,0,0,0,0
26212,62934,6293406,ｷｮｳﾄﾌ,ｷｮｳﾀﾝｺﾞｼ,ｸﾐﾊﾏﾁｮｳﾋｶﾞｼﾎﾝﾏﾁ,京都府,京丹後市,久美浜町東本町,0,0,0,0,0,0
26212,62934,6293407,ｷｮｳﾄﾌ,ｷｮｳﾀﾝｺﾞｼ,ｸﾐﾊﾏﾁｮｳｼﾝﾊﾞｼ,京都府,京丹後市,久美浜町新橋,0,0,0,0,0,0
26212,62934,6293408,ｷｮｳﾄﾌ,ｷｮｳﾀﾝｺﾞｼ,ｸﾐﾊﾏﾁｮｳｼﾝﾏﾁ,京都府,京丹後市,久美浜町新町,0,0,0,0,0,0
26212,62934,6293409,ｷｮｳﾄﾌ,ｷｮｳﾀﾝｺﾞｼ,ｸﾐﾊﾏﾁｮｳﾆｼﾎﾝﾏﾁ,京都府,京丹後市,久美浜町西本町,0,0,0,0,0,0
26212,62934,6293410,ｷｮｳﾄﾌ,ｷｮｳﾀﾝｺﾞｼ,ｸﾐﾊﾏﾁｮｳ,京都府,京丹後市,久美浜町,0,0,0,0,0,0
26212,62934,6293411,ｷｮｳﾄﾌ,ｷｮｳﾀﾝｺﾞｼ,ｸﾐﾊﾏﾁｮｳｺｳｻｶ,京都府,京丹後市,久美浜町甲坂,0,0,0,1,0,0
26212,62934,6293411,ｷｮｳﾄﾌ,ｷｮｳﾀﾝｺﾞｼ,ｸﾐﾊﾏﾁｮｳﾄﾁﾀﾞﾆ,京都府,京丹後市,久美浜町栃谷,0,0,0,1,0,0
26212,62934,6293412,ｷｮｳﾄﾌ,ｷｮｳﾀﾝｺﾞｼ,ｸﾐﾊﾏﾁｮｳｵｸﾐﾀﾆ,京都府,京丹後市,久美浜町奥三谷,0,0,0,1,0,0
26212,62934,6293412,ｷｮｳﾄﾌ,ｷｮｳﾀﾝｺﾞｼ,ｸﾐﾊﾏﾁｮｳｸﾁﾐﾀﾆ,京都府,京丹後市,久美浜町口三谷,0,0,0,1,0,0
26212,62934,6293412,ｷｮｳﾄﾌ,ｷｮｳﾀﾝｺﾞｼ,ｸﾐﾊﾏﾁｮｳﾐﾀﾆ,京都府,京丹後市,久美浜町三谷,0,0,0,1,0,0
26212,62934,6293413,ｷｮｳﾄﾌ,ｷｮｳﾀﾝｺﾞｼ,ｸﾐﾊﾏﾁｮｳｸﾁﾏｼﾞ,京都府,京丹後市,久美浜町口馬地,0,0,0,0,0,0
26212,62934,6293414,ｷｮｳﾄﾌ,ｷｮｳﾀﾝｺﾞｼ,ｸﾐﾊﾏﾁｮｳｵｸﾏｼﾞ,京都府,京丹後市,久美浜町奥馬地,0,0,0,0,0,0
26212,62934,6293415,ｷｮｳﾄﾌ,ｷｮｳﾀﾝｺﾞｼ,ｸﾐﾊﾏﾁｮｳｺｳﾅｼ,京都府,京丹後市,久美浜町河梨,0,0,0,0,0,0
26212,62934,6293416,ｷｮｳﾄﾌ,ｷｮｳﾀﾝｺﾞｼ,ｸﾐﾊﾏﾁｮｳｶﾝﾀﾞﾆ,京都府,京丹後市,久美浜町神谷,0,0,0,0,0,0
26212,62934,6293421,ｷｮｳﾄﾌ,ｷｮｳﾀﾝｺﾞｼ,ｸﾐﾊﾏﾁｮｳｶﾂﾞﾗﾉ,京都府,京丹後市,久美浜町葛野,0,0,0,0,0,0
26212,62934,6293422,ｷｮｳﾄﾌ,ｷｮｳﾀﾝｺﾞｼ,ｸﾐﾊﾏﾁｮｳｶｯﾁ,京都府,京丹後市,久美浜町河内,0,0,0,1,0,0
26212,62934,6293422,ｷｮｳﾄﾌ,ｷｮｳﾀﾝｺﾞｼ,ｸﾐﾊﾏﾁｮｳﾊｺｲｼ,京都府,京丹後市,久美浜町箱石,0,0,0,1,0,0
26212,62934,6293422,ｷｮｳﾄﾌ,ｷｮｳﾀﾝｺﾞｼ,ｸﾐﾊﾏﾁｮｳﾐﾅﾄﾐﾔ,京都府,京丹後市,久美浜町湊宮,0,0,0,1,0,0
26212,62934,6293423,ｷｮｳﾄﾌ,ｷｮｳﾀﾝｺﾞｼ,ｸﾐﾊﾏﾁｮｳｵｵﾑｶｲ,京都府,京丹後市,久美浜町大向,0,0,0,0,0,0
26212,62934,6293424,ｷｮｳﾄﾌ,ｷｮｳﾀﾝｺﾞｼ,ｸﾐﾊﾏﾁｮｳｱｻﾋ,京都府,京丹後市,久美浜町旭,0,0,0,1,0,0
26212,62934,6293424,ｷｮｳﾄﾌ,ｷｮｳﾀﾝｺﾞｼ,ｸﾐﾊﾏﾁｮｳｶﾏｲ,京都府,京丹後市,久美浜町蒲井,0,0,0,1,0,0
26212,62934,6293431,ｷｮｳﾄﾌ,ｷｮｳﾀﾝｺﾞｼ,ｸﾐﾊﾏﾁｮｳｶﾉ,京都府,京丹後市,久美浜町鹿野,0,0,0,0,0,0
26212,62934,6293432,ｷｮｳﾄﾌ,ｷｮｳﾀﾝｺﾞｼ,ｸﾐﾊﾏﾁｮｳﾋﾗﾀ,京都府,京丹後市,久美浜町平田,0,0,0,0,0,0
26212,62934,6293433,ｷｮｳﾄﾌ,ｷｮｳﾀﾝｺﾞｼ,ｸﾐﾊﾏﾁｮｳｻﾝﾌﾞ,京都府,京丹後市,久美浜町三分,0,0,0,0,0,0
26212,62934,6293434,ｷｮｳﾄﾌ,ｷｮｳﾀﾝｺﾞｼ,ｸﾐﾊﾏﾁｮｳﾐﾊﾗ,京都府,京丹後市,久美浜町三原,0,0,0,0,0,0
26212,62934,6293435,ｷｮｳﾄﾌ,ｷｮｳﾀﾝｺﾞｼ,ｸﾐﾊﾏﾁｮｳｲﾁﾌﾞ,京都府,京丹後市,久美浜町壱分,0,0,0,0,0,0
26212,62934,6293436,ｷｮｳﾄﾌ,ｷｮｳﾀﾝｺﾞｼ,ｸﾐﾊﾏﾁｮｳｵｵｲ,京都府,京丹後市,久美浜町大井,0,0,0,0,0,0
26212,62934,6293437,ｷｮｳﾄﾌ,ｷｮｳﾀﾝｺﾞｼ,ｸﾐﾊﾏﾁｮｳｾｷ,京都府,京丹後市,久美浜町関,0,0,0,0,0,0
26212,62934,6293438,ｷｮｳﾄﾌ,ｷｮｳﾀﾝｺﾞｼ,ｸﾐﾊﾏﾁｮｳｳﾗｹ,京都府,京丹後市,久美浜町浦明,0,0,0,1,0,0
26212,62934,6293438,ｷｮｳﾄﾌ,ｷｮｳﾀﾝｺﾞｼ,ｸﾐﾊﾏﾁｮｳﾅｶﾞﾗ,京都府,京丹後市,久美浜町長柄,0,0,0,1,0,0
26212,62934,6293441,ｷｮｳﾄﾌ,ｷｮｳﾀﾝｺﾞｼ,ｸﾐﾊﾏﾁｮｳｶﾝｻﾞｷ,京都府,京丹後市,久美浜町神崎,0,0,0,0,0,0
26212,62934,6293442,ｷｮｳﾄﾌ,ｷｮｳﾀﾝｺﾞｼ,ｸﾐﾊﾏﾁｮｳｺｳﾔﾏ,京都府,京丹後市,久美浜町甲山,0,0,0,0,0,0
26212,62934,6293443,ｷｮｳﾄﾌ,ｷｮｳﾀﾝｺﾞｼ,ｸﾐﾊﾏﾁｮｳｱﾏ,京都府,京丹後市,久美浜町海士,0,0,0,0,0,0
26212,62934,6293444,ｷｮｳﾄﾌ,ｷｮｳﾀﾝｺﾞｼ,ｸﾐﾊﾏﾁｮｳﾆｼﾊｼﾂﾞﾒ,京都府,京丹後市,久美浜町西橋爪,0,0,0,1,0,0
26212,62934,6293444,ｷｮｳﾄﾌ,ｷｮｳﾀﾝｺﾞｼ,ｸﾐﾊﾏﾁｮｳﾊｼﾂﾞﾒ,京都府,京丹後市,久美浜町橋爪,0,0,0,1,0,0
26212,62934,6293445,ｷｮｳﾄﾌ,ｷｮｳﾀﾝｺﾞｼ,ｸﾐﾊﾏﾁｮｳｼﾏ,京都府,京丹後市,久美浜町島,0,0,0,0,0,0
26212,62934,6293446,ｷｮｳﾄﾌ,ｷｮｳﾀﾝｺﾞｼ,ｸﾐﾊﾏﾁｮｳﾎﾝﾃﾞ,京都府,京丹後市,久美浜町品田,0,0,0,0,0,0
26212,62934,6293447,ｷｮｳﾄﾌ,ｷｮｳﾀﾝｺﾞｼ,ｸﾐﾊﾏﾁｮｳﾄﾓｼｹﾞ,京都府,京丹後市,久美浜町友重,0,0,0,0,0,0
26212,62934,6293448,ｷｮｳﾄﾌ,ｷｮｳﾀﾝｺﾞｼ,ｸﾐﾊﾏﾁｮｳｻｶｲ,京都府,京丹後市,久美浜町坂井,0,0,0,0,0,0
26212,62934,6293449,ｷｮｳﾄﾌ,ｷｮｳﾀﾝｺﾞｼ,ｸﾐﾊﾏﾁｮｳﾕｲｹ,京都府,京丹後市,久美浜町油池,0,0,0,0,0,0
26212,62935,6293551,ｷｮｳﾄﾌ,ｷｮｳﾀﾝｺﾞｼ,ｸﾐﾊﾏﾁｮｳﾅｶﾞﾄﾞﾒ,京都府,京丹後市,久美浜町永留,0,0,0,0,0,0
26212,62935,6293552,ｷｮｳﾄﾌ,ｷｮｳﾀﾝｺﾞｼ,ｸﾐﾊﾏﾁｮｳﾆｮｳ,京都府,京丹後市,久美浜町女布,0,0,0,0,0,0
26212,62935,6293553,ｷｮｳﾄﾌ,ｷｮｳﾀﾝｺﾞｼ,ｸﾐﾊﾏﾁｮｳﾅｶﾞﾉ,京都府,京丹後市,久美浜町長野,0,0,0,0,0,0
26212,62935,6293554,ｷｮｳﾄﾌ,ｷｮｳﾀﾝｺﾞｼ,ｸﾐﾊﾏﾁｮｳｻｶﾀﾞﾆ,京都府,京丹後市,久美浜町坂谷,0,0,0,0,0,0
26212,62935,6293555,ｷｮｳﾄﾌ,ｷｮｳﾀﾝｺﾞｼ,ｸﾐﾊﾏﾁｮｳｴﾝﾄﾞﾝｼﾞ,京都府,京丹後市,久美浜町円頓寺,0,0,0,0,0,0
26212,62935,6293556,ｷｮｳﾄﾌ,ｷｮｳﾀﾝｺﾞｼ,ｸﾐﾊﾏﾁｮｳｺﾞｳ,京都府,京丹後市,久美浜町郷,0,0,0,0,0,0
26212,62935,6293557,ｷｮｳﾄﾌ,ｷｮｳﾀﾝｺﾞｼ,ｸﾐﾊﾏﾁｮｳﾀｹﾌｼﾞ,京都府,京丹後市,久美浜町竹藤,0,0,0,0,0,0
26212,62935,6293558,ｷｮｳﾄﾌ,ｷｮｳﾀﾝｺﾞｼ,ｸﾐﾊﾏﾁｮｳﾏﾙﾔﾏ,京都府,京丹後市,久美浜町丸山,0,0,0,0,0,0
26212,62935,6293559,ｷｮｳﾄﾌ,ｷｮｳﾀﾝｺﾞｼ,ｸﾐﾊﾏﾁｮｳﾀﾆ,京都府,京丹後市,久美浜町谷,0,0,0,0,0,0
26212,62935,6293561,ｷｮｳﾄﾌ,ｷｮｳﾀﾝｺﾞｼ,ｸﾐﾊﾏﾁｮｳﾉﾅｶ,京都府,京丹後市,久美浜町野中,0,0,0,0,0,0
26212,62935,6293562,ｷｮｳﾄﾌ,ｷｮｳﾀﾝｺﾞｼ,ｸﾐﾊﾏﾁｮｳｻﾉ,京都府,京丹後市,久美浜町佐野,0,0,0,0,0,0
26212,62935,6293563,ｷｮｳﾄﾌ,ｷｮｳﾀﾝｺﾞｼ,ｸﾐﾊﾏﾁｮｳﾌﾀﾏﾀ,京都府,京丹後市,久美浜町二俣,0,0,0,0,0,0
26212,62935,6293564,ｷｮｳﾄﾌ,ｷｮｳﾀﾝｺﾞｼ,ｸﾐﾊﾏﾁｮｳｼﾞｮｳｶﾞﾊﾀ,京都府,京丹後市,久美浜町尉ケ畑,0,0,0,0,0,0
26212,62935,6293565,ｷｮｳﾄﾌ,ｷｮｳﾀﾝｺﾞｼ,ｸﾐﾊﾏﾁｮｳｺｸﾞﾜ,京都府,京丹後市,久美浜町小桑,0,0,0,0,0,0
26212,62935,6293566,ｷｮｳﾄﾌ,ｷｮｳﾀﾝｺﾞｼ,ｸﾐﾊﾏﾁｮｳｱﾝﾖｳｼﾞ,京都府,京丹後市,久美浜町安養寺,0,0,0,0,0,0
26212,62935,6293570,ｷｮｳﾄﾌ,ｷｮｳﾀﾝｺﾞｼ,ｸﾐﾊﾏﾁｮｳｼﾝｼﾞｮｳ,京都府,京丹後市,久美浜町新庄,0,0,0,0,0,0
26212,62935,6293571,ｷｮｳﾄﾌ,ｷｮｳﾀﾝｺﾞｼ,ｸﾐﾊﾏﾁｮｳｱｼﾜﾗ,京都府,京丹後市,久美浜町芦原,0,0,0,0,0,0
26212,62935,6293572,ｷｮｳﾄﾌ,ｷｮｳﾀﾝｺﾞｼ,ｸﾐﾊﾏﾁｮｳﾆｲﾀﾞﾆ,京都府,京丹後市,久美浜町新谷,0,0,0,0,0,0
26212,62935,6293573,ｷｮｳﾄﾌ,ｷｮｳﾀﾝｺﾞｼ,ｸﾐﾊﾏﾁｮｳｲｽﾞｽﾐ,京都府,京丹後市,久美浜町出角,0,0,0,0,0,0
26212,62935,6293574,ｷｮｳﾄﾌ,ｷｮｳﾀﾝｺﾞｼ,ｸﾐﾊﾏﾁｮｳｲﾁﾊﾞ,京都府,京丹後市,久美浜町市場,0,0,0,0,0,0
26212,62935,6293575,ｷｮｳﾄﾌ,ｷｮｳﾀﾝｺﾞｼ,ｸﾐﾊﾏﾁｮｳｶﾅﾔ,京都府,京丹後市,久美浜町金谷,0,0,0,0,0,0
26212,62935,6293576,ｷｮｳﾄﾌ,ｷｮｳﾀﾝｺﾞｼ,ｸﾐﾊﾏﾁｮｳｲﾁﾉﾉ,京都府,京丹後市,久美浜町市野々,0,0,0,0,0,0
26212,62935,6293577,ｷｮｳﾄﾌ,ｷｮｳﾀﾝｺﾞｼ,ｸﾐﾊﾏﾁｮｳﾎﾀｲﾉ,京都府,京丹後市,久美浜町布袋野,0,0,0,0,0,0
26212,62935,6293578,ｷｮｳﾄﾌ,ｷｮｳﾀﾝｺﾞｼ,ｸﾐﾊﾏﾁｮｳﾊﾀ,京都府,京丹後市,久美浜町畑,0,0,0,0,0,0
26212,62935,6293579,ｷｮｳﾄﾌ,ｷｮｳﾀﾝｺﾞｼ,ｸﾐﾊﾏﾁｮｳｽﾀﾞ,京都府,京丹後市,久美浜町須田,0,0,0,0,0,0
